727.6483	798.5867	745.5703	771.6737	753.6706	734.2441	734.6846
1041.8784	1343.9279	1254.6982	1273.2366	1242.3955	1204.2300	1201.8726
1438.6163	1912.6449	1797.0911	1830.0764	1769.0442	1691.9632	1689.5882
1748.3120	2346.1814	2261.5534	2305.8502	2231.7801	2122.3142	2127.8080
1984.3510	2761.0811	2611.2518	2710.4912	2616.6995	2457.6108	2465.2631
2201.8963	3122.3609	2962.8681	3033.0301	2920.4119	2711.8515	2718.0926
2359.7885	3212.8687	3207.7571	3279.4510	3185.1592	2906.4942	2901.2272
2414.5441	3658.7290	3428.2576	3477.6863	3396.0771	3024.4506	3037.1742
2546.1435	3666.0437	3608.3722	3628.1097	3563.6660	3158.8916	3147.5110
2626.8579	3870.4652	3723.3344	3740.3536	3703.1752	3254.9581	3248.3926
2654.6241	4053.8835	3771.1262	3877.6056	3840.8339	3357.7001	3342.3637
2710.6534	4153.4086	3904.6899	4020.5608	3957.7544	3444.6144	3357.7016
2750.8975	4242.4886	3985.2684	4126.3981	4049.2554	3511.9867	3495.6329
2729.7598	4699.4989	4424.3505	4523.2693	4478.4514	3835.8570	3781.7427
2741.2914	5030.4996	4656.9046	4838.4601	4772.6633	4125.4777	4055.8412
2697.3565	5162.7418	4932.2500	5155.7205	5105.2763	4396.7714	4314.0208
2699.8573	5443.6241	5173.2467	5327.7769	5338.3071	4649.7783	4571.4886
2672.4835	5522.0194	5443.6133	5732.9976	5731.5424	4917.6151	4825.4346
2676.8098	5797.4191	5658.1446	5998.1185	5997.4376	5188.2474	5089.7512
2621.4118	5990.3043	5834.0087	6254.8340	6261.7147	5464.0115	5337.9852
2549.6469	6087.0082	5964.0522	6516.3975	6633.0368	5700.2211	5596.3775
2581.3949	6234.3951	6249.4744	6759.3225	6847.3606	5965.5363	5851.9132
2558.3919	6417.6514	6614.7687	7011.5398	7012.0725	6220.9665	6109.6630
2453.1804	6432.9719	6603.5744	7274.1984	7328.7996	6450.6962	6338.1570
2443.6216	6377.5987	6527.2299	7415.5627	7554.0183	6657.5801	6585.7556
2383.3460	6409.1844	6500.5098	7345.0890	7500.3835	6776.2228	6728.9002
2385.5756	6605.8612	7150.3429	7784.2281	7930.4745	7016.2428	7028.0629
2363.9240	6830.9093	7161.3236	8093.9628	8276.6148	7305.1608	7282.3966
2338.9226	6792.8979	7275.8055	8323.5875	8528.6925	7605.4568	7540.3892
2297.7443	7003.5211	7445.6565	8438.1801	8730.9393	7878.5676	7770.1800
2272.4832	6864.3763	7761.5363	8682.4622	8988.2353	8152.1785	8028.4277
2234.7992	7031.6534	7813.7577	8968.1887	9208.2743	8394.9725	8247.4582
2184.0820	6971.1044	7976.2526	9114.1357	9350.3213	8627.0460	8503.6916
2172.1158	7064.0941	8131.2208	9341.9297	9593.4089	8834.2864	8730.2949
2162.3117	7252.5735	8252.0982	9566.2594	9980.3508	9101.0107	8971.9217
2146.7894	7348.3790	8295.8817	9708.2633	10246.4345	9295.0834	9207.4868
2129.3496	7256.4435	8344.2857	9840.9112	10479.2527	9525.9604	9418.4082
2097.8617	7201.4763	8365.3316	9876.7271	10673.2386	9657.4406	9635.0249
2074.3061	7188.1445	8380.7490	9737.4836	10694.1872	9826.2123	9776.8264
2043.5481	7342.4308	8619.4399	10373.7336	10932.0393	10201.2289	10073.9717
2031.6719	7265.1173	8899.0594	10512.9969	11135.5172	10428.2496	10209.0022
2017.0118	7523.1478	9048.7498	10633.3471	11451.9894	10576.9987	10539.1235
1969.7336	7407.0311	9118.6317	10963.6587	11616.7203	10884.9059	10747.2763
1973.5825	7459.3120	9178.2938	11003.7005	11680.0181	11138.6912	11022.7239
1946.6292	7372.4179	9232.4841	11135.7073	11852.0747	11376.2474	11168.8026
1906.1288	7339.3766	9369.9483	11382.6345	12041.5164	11553.4093	11325.4774
1911.8526	7331.8891	9646.2500	11430.2664	12264.0868	11735.9737	11653.7558
1882.4574	7407.1125	9660.5948	11629.3082	12388.9823	11974.2105	11828.7541
1830.7992	7214.2972	9608.8774	11607.6019	12637.3865	12138.1555	12055.4535
1820.7059	7325.6496	9688.9425	11907.5842	12675.2882	12362.0208	12211.0064
1798.8198	7342.3799	9619.0914	11806.4200	12797.7126	12590.6261	12464.9125
1806.0480	7071.8154	9528.8561	11572.4427	12953.4006	12290.4155	12509.9946
1709.4059	6884.3088	9939.9859	12335.6026	13305.1218	12786.0844	12931.5307
1679.4368	7180.0476	10065.8834	12383.4592	13617.3434	12983.3765	13089.3488
1652.6190	7159.8149	9858.9790	12549.5762	13745.3102	13248.5258	13170.2858
1642.3729	7143.3899	9987.1861	12588.3707	14072.9967	13467.8158	13469.8883
1596.8872	6881.8847	10134.2998	12742.1402	14065.5485	13593.9669	13710.4890
1589.8842	7054.2580	10107.8565	12772.7247	14325.0690	13766.5999	13898.7567
1542.5811	7007.4909	10074.1472	12904.2893	14424.3627	14011.8255	14125.5905
1552.6803	6811.8700	9977.2763	12939.3668	14531.2811	14096.9090	14334.6744
1517.8049	6887.0094	9894.3415	12794.8192	14672.4941	14254.7426	14480.8248
1503.5430	6757.4884	9821.8665	13082.3663	14706.7608	14438.1499	14663.5049
1488.8586	6750.9907	9963.1102	12602.3963	14841.2405	14333.3739	14853.4314
1481.6805	6675.6031	9694.4700	12842.7215	14900.5650	14649.2863	14987.2812
1438.2767	6662.8713	9606.9335	12468.6017	14810.1074	14571.1432	14929.9320
1436.1578	6595.0834	9965.2842	12833.4858	15035.7532	15048.4015	15378.1311
1412.3192	6645.4414	9760.9089	12942.4767	15042.1876	15069.0792	15508.0455
1407.7127	6795.5154	9827.6556	13143.5190	15031.3229	15303.8119	15802.8925
1394.8675	6777.8113	10037.9027	12983.9091	15106.0988	15572.6418	15606.5188
1394.1001	6729.9751	10193.1462	13419.7461	15553.8517	15689.5313	16123.0298
1379.5499	6761.8616	9914.8717	13419.9257	15352.3796	15816.1168	16184.5122
1361.5425	6654.2371	9886.6609	13767.6427	15590.2583	16008.8048	16557.2225
1345.9680	6748.5647	10451.0172	13184.9450	15431.7442	16156.7949	16690.4612
1347.9695	6581.0440	9945.6448	12743.8710	15551.3176	16159.4912	16722.4388
1342.0687	6637.7076	9849.7970	13962.6477	15701.3403	16380.0143	16846.8242
1337.7864	6632.3572	9926.9269	13958.2723	15819.5253	16467.8452	17218.2352
1324.7723	6577.7432	9780.1537	13763.4694	15762.5728	16618.4425	17217.3990
1321.4256	6623.8354	9725.7171	13707.0416	15663.4684	16621.3818	17400.1945
1297.7717	6619.4183	10041.6408	14068.5910	15776.6689	16926.6491	17559.4752
1278.7449	6630.1650	9985.8926	14240.6619	16153.4793	16994.3856	17828.3393
1285.9325	6393.4667	9996.7058	14090.9505	16052.7301	17136.0887	17975.4842
1267.4075	6538.1809	9981.6559	14475.0456	16170.5981	17446.0857	18080.3952
1265.6746	6543.4103	9993.8998	14239.1080	16156.1878	17471.6381	18354.6982
1252.1200	6522.6594	10050.8711	14492.6346	16136.4807	17576.2333	18346.3260
1244.8007	6583.8031	9901.1811	14333.8874	16751.5082	17650.9382	18640.7938
1242.0545	6542.4965	9781.6185	14352.5100	16605.8612	17769.6001	18802.3943
1223.0438	6481.2994	10223.1735	14005.3031	16766.9936	18054.9047	18768.4026
1217.6576	6448.0431	9898.3616	14547.3854	16316.4672	18084.5945	19155.7596
1209.8556	6365.2623	9999.6672	14708.4576	16561.8974	18120.5949	19321.8692
1208.1888	6315.2933	10143.2937	13930.5507	16642.7443	18181.0753	19380.7170
1186.9088	6400.2602	10039.1985	14172.8775	16486.0546	18276.7881	19611.7708
1193.8859	6446.1278	10362.1137	13691.4844	16943.3771	18640.2460	19777.6944
1185.8050	6295.0548	9825.7332	14585.8494	16791.0608	18592.1329	20063.1920
1185.5324	6413.5085	10119.0011	14683.8146	16463.1469	18835.2800	19913.3227
1184.0105	6320.4973	10349.2490	13582.3295	16738.9289	18979.2011	20202.3407
1043.4488	6282.2075	10040.0464	15071.8932	17239.0257	18815.8492	20304.7831
1162.4296	6333.7633	9729.0987	14813.7824	16950.8967	19340.4914	20146.5773
1154.4213	6209.9363	10233.5410	15243.6023	16953.1228	19474.9894	20575.9039
1140.0707	6212.5618	10034.6065	14687.4276	17457.2479	19164.4490	20914.9659
1142.6229	6143.1411	10024.2188	14859.5151	17620.1153	19393.6493	20861.7184
1134.6538	6212.1377	9848.9169	14706.6492	17316.2461	19501.2681	20879.0859
1144.9744	6234.4953	10168.7562	15028.2940	17678.6486	19336.0968	21082.5557
1115.6410	6198.2657	10105.7518	15008.7252	18213.8176	19719.8495	21544.9212
1120.5675	6079.0775	10078.7986	14911.7298	17596.6516	19604.2691	21287.5356
