16372689402	130606566911	444160834251	1051632726862	2053994203132	9513596987092	26076004291213
16090459894	128212866297	435889024648	1031863339258	2015267470561	9331027256174	25576066501985
16090969650	128214236725	435897951319	1031803739441	2015283086119	9331122620089	25577947207497
16091775478	128214219653	435914117256	1031911267495	2015322305947	9331812913425	25577288681745
16091656706	128217196881	435922610284	1031923257958	2015222426727	9332349610221	25577821656994
16091904534	128215564009	435903226132	1031889845773	2015325130076	9331257906431	25578764322236
16092178162	128216107637	435932345311	1031920876758	2015310843906	9332446924637	25577897504762
16092433490	128218867665	435923240502	1031939137166	2015291066349	9332311244836	25578072189090
16091904018	128218450393	435922051030	1031948054960	2015323741208	9332483022502	25577765279520
16092648646	128220247421	435931792658	1031959898805	2015237572259	9332532048639	25578358890962
16092803174	128217444849	435900886986	1031957529435	2015274974315	9332414147979	25578124453756
16093619226	128218884577	435939276514	1031949235107	2015302718835	9332876109469	25578638731818
16093808662	128221539305	435941185927	1031968169500	2015338709202	9332553299221	25578977972996
16093397714	128221254633	435889349343	1031976934860	2015363145290	9332774827545	25578249181866
16093759986	128220741029	435937297198	1031959662857	2015321192615	9332569906284	25578115083854
16093466914	128222012789	435932752167	1031965828594	2015355277052	9332578486440	25578231620931
16093788515	128222287083	435918605154	1031904609530	2015299590146	9332399080948	25578262402470
16093480443	128219348245	435920270182	1031950160923	2015289115095	9332320115441	25578263730096
16093851298	128215532873	435921298310	1031939844791	2015289346692	9332298681616	25577595353221
16094548199	128223272874	435940561938	1031963207120	2015282939498	9332429138431	25578266882591
16093902054	128222207629	435930374266	1031948888295	2015291742023	9332539318526	25577874971974
16093566355	128214226730	435912891467	1031968769216	2015310563821	9332481569196	25578516053898
16093880783	128220824358	435928287195	1031950876807	2015333890934	9332514309121	25577329468509
16095706938	128222047186	435922361350	1031951152908	2015301015682	9332450594263	25577460464893
16095511639	128223017435	435922535072	1031958318530	2015321614790	9332454020271	25578450313449
16094890094	128222302542	435923287779	1031968135431	2015296508167	9332138281124	25578482578966
16094073522	128220792398	435904337734	1031956150500	2015283241717	9332211109996	25577564286928
16095101414	128221456925	435948837204	1031938662369	2015221799553	9332391810841	25578121126894
16095789018	128223459453	435933351139	1031969491597	2015324715166	9332280528797	25578161553941
16092576623	128220890881	435930765798	1031959829525	2015306057455	9332500673079	25578230482764
16095484302	128221062509	435915913405	1031964338111	2015246398894	9332385340576	25577859723939
16094835430	128221261482	435929287103	1031920500546	2015367562249	9332578148466	25578047177426
16095779554	128223799837	435927252831	1031969692177	2015311501707	9332542025462	25577863929930
16095745039	128222610645	435895051789	1031931426582	2015319666855	9332335048761	25578356293851
16095735171	128219841970	435953653187	1031894898661	2015249007558	9331609416435	25577804208032
16096005530	128220413502	435921363970	1031966736398	2015291157242	9332438226268	25578433358327
16094313551	128223931657	435920642476	1031954798517	2015301379121	9332473105086	25577947000096
16096543479	128212603638	435933398530	1031965241222	2015338277849	9332401520949	25578088722056
16096830750	128223794326	435924013610	1031954409521	2015340774676	9332617092103	25577925492598
16097203682	128226104379	435938763363	1031979739050	2015254123681	9332594856633	25578097935133
16097557106	128222595305	435905932086	1031957494033	2015246454166	9331803489544	25577851899968
16097093934	128224346721	435934771994	1031968126637	2015323388837	9332550094536	25578167192080
16097009339	128224587472	435934606067	1031946077589	2015300526248	9332341412216	25577709932727
16098441147	128227423746	435934688015	1031966146481	2015338580936	9332643000338	25578166299761
16097998891	128225788174	435929566166	1031996824118	2015354933710	9332710102661	25577684877570
16097870546	128227612229	435926089459	1031977539958	2015330803418	9332744448289	25577907819633
16097904774	128227873557	435934292963	1031968503413	2015359650651	9332482787000	25578209582402
16098471210	128227187581	435944857187	1031982134518	2015339689216	9332739094730	25577401310586
16096517038	128226157986	435941610626	1031971312830	2015289449167	9332606387295	25578425611039
16097937874	128225627737	435927394870	1031954167705	2015293997027	9332477337437	25578628416660
16097851572	128227556791	435893098286	1031971043585	2015322052765	9332136778640	25578269263288
16097998623	128225485053	435935070211	1031981642254	2015317738174	9331867919440	25577718872358
16094492385	128227675699	435941030852	1031966401633	2015244535544	9332466996240	25576898365802
16097272128	128218420840	435897639435	1031974021547	2015269652244	9332264728534	25577867279469
16099626385	128224096103	435933246788	1031966201806	2015332596905	9332497383760	25578329058823
16098294833	128228007259	435943371528	1031951764993	2015277801648	9332218684855	25578348962653
16099108283	128228385039	435914816912	1031977038999	2015298364356	9332241956800	25578238550278
16100584864	128226033623	435933455364	1031988370351	2015302738885	9332399376650	25578604677590
16101460352	128228392615	435952356000	1031958367039	2015296531105	9332103198119	25578200360899
16102212128	128229115631	435939261944	1031966254225	2015312993705	9332309758892	25577920313645
16096961588	128227836402	435920163174	1031977235495	2015273334040	9332355093152	25578332124374
16102101224	128219068871	435934142524	1031981717891	2015315574770	9332371932251	25577835097691
16102382334	128231710251	435941149628	1031956695151	2015320662733	9332378538222	25576959742359
16100703580	128227533517	435947292884	1031937094679	2015271894317	9332387993447	25577557226326
16101558648	128224948983	435937034668	1031937922407	2015295312603	9332627540386	25577680831058
16102553482	128229332963	435937844922	1031987597335	2015282334981	9332278365012	25577243403051
16102367508	128221903215	435935189076	1031971070385	2015201473300	9332252914164	25577064333140
16101182516	128229159335	435918316212	1031957371797	2015311871250	9332349049128	25578136130783
16100801550	128227643025	435925633194	1031964860194	2015279579816	9332496003711	25577905951403
16101910356	128227146399	435938548192	1031920046453	2015328284378	9332188286285	25577758794055
16103260408	128229244927	435940856472	1031924451675	2015344592713	9332247159965	25578180824149
16103336650	128227430539	435938245620	1031978709220	2015262403234	9332575780299	25577763589782
16102781376	128225746987	435941863216	1031945089937	2015287065962	9332657739349	25578309097932
16102419308	128229833023	435939612444	1031977194912	2015351338654	9332494876235	25578708199238
16103260242	128230225127	435941095088	1031945762145	2015385872218	9332607615917	25578242148826
16103929568	128215808979	435932988138	1031910335707	2015364676492	9332364055912	25578201243059
16104291700	128228222653	435934779768	1031974904347	2015389442068	9332479614092	25578493914882
16104345458	128225790167	435928325400	1031942064693	2015305337038	9332494446666	25578104476384
16104922088	128229379259	435949553880	1031888614895	2015332358373	9332380144136	25578521734738
16104263316	128228495821	435932288620	1031985030673	2015328141058	9332699385853	25577445862093
16099494258	128230006087	435894255844	1031957829225	2015314394810	9332189149075	25578164870942
16101968508	128232007021	435922002272	1031961477099	2015324757413	9332029595939	25577617603532
16104006820	128230263423	435944319006	1031987065759	2015297602878	9332131515904	25577454399536
16105396458	128229393043	435944694920	1031949514696	2015325979319	9331929228535	25578134536130
16105644284	128229433878	435934097242	1031951255697	2015378094802	9332499630184	25578464337750
16104809712	128234905483	435948509844	1031987891513	2015391305562	9332621592571	25578476529861
16104650481	128232602721	435955839676	1031974350947	2015372307570	9332889915320	25578254108635
16105352204	128235097779	435949803462	1031992104163	2015395227518	9332798475582	25578486449673
16106031112	128233436715	435942262672	1031999347125	2015377629013	9332901199572	25578210952510
16106642540	128234979491	435941518674	1032017643737	2015395702304	9332825230948	25577213797898
16107034188	128235476471	435942955720	1031996905153	2015370944708	9332788710123	25578549658893
16105296592	128233722197	435938699901	1031963202187	2015296831099	9332258697595	25578130456457
16105313661	128234942535	435943507838	1031972913003	2015246359564	9332738871775	25578415114682
16105270552	128237007677	435938420427	1031971645421	2015344311487	9332628297909	25577232472381
16104038834	128235501987	435950224790	1031972485477	2015165723820	9332545094282	25576967160840
16103472792	128234120225	435950161560	1031962880793	2015337029323	9332774097071	25578221497705
16108633354	128234239077	435943576298	1031986934727	2015363634254	9332609707370	25578618078880
16108658922	128238162391	435942745660	1031987176860	2015350406236	9332624980232	25578941612155
16108536218	128234654225	435955854538	1031986487324	2015421286090	9332716251735	25578290659502
16108884850	128233948823	435944035050	1031980082735	2015361455298	9332575295597	25579199788050
16108861812	128235777757	435946484632	1031992295671	2015392781956	9332765416484	25578328359939
16108126175	128231970089	435894678194	1031937706030	2015330157016	9332475366020	25578646304122
16106502582	128233193831	435944237644	1031965550733	2015323403397	9332564050203	25577980135060
16105456234	128235053593	435935211606	1031965388334	2015339359764	9332314316972	25578522276610
