0.7152	112.3806	502.1322	1358.6187	3262.1547	19090.0054	53718.6506
2.1673	177.7336	750.5862	1987.9098	4601.6206	26230.3502	73590.8585
1.9570	181.5524	779.0866	2063.5187	4733.2385	26807.8602	74779.9762
1.7857	184.2636	793.4933	2110.5692	4786.5582	27050.1500	75203.9574
1.5278	182.2654	798.9781	2128.7044	4798.4703	27093.3008	75265.6082
1.3820	180.9471	801.0452	2129.2939	4775.2361	27010.7961	74992.8576
1.2128	180.1185	804.7455	2127.3120	4747.6824	26886.0273	74571.9398
1.0465	180.2397	801.3988	2117.5897	4697.0072	26686.1085	73989.5648
0.9705	179.4108	798.3491	2101.7357	4646.3006	26445.0169	73493.7089
0.8535	180.3454	795.4457	2080.5241	4589.2152	26254.5058	72800.2823
0.7620	179.0709	791.2015	2059.7907	4528.2698	26010.8312	72079.6525
0.6873	177.4022	788.3883	2043.4207	4458.0298	25738.6399	71376.6404
0.6361	177.2253	782.2201	2024.4949	4395.9968	25445.2176	70641.8145
0.5738	176.3973	777.0123	2004.8071	4324.8487	25135.1713	69835.1418
0.4877	174.9789	774.7950	1982.5488	4254.4685	24822.5314	68986.0249
0.4773	172.9114	768.3738	1962.6597	4171.9155	24465.7233	68011.7524
0.4607	172.0022	761.4935	1932.2835	4073.6596	24058.0220	66942.3998
0.4153	169.2368	747.7606	1898.3628	3997.5027	23642.1491	65767.2763
0.3386	157.3595	700.5259	1805.7826	3773.5617	22518.6906	63382.9176
0.3023	147.1431	676.5369	1738.6449	3633.5558	21838.5886	61749.4953
0.2961	139.0690	658.6703	1697.3655	3542.6005	21246.0555	60323.2140
0.2239	138.7842	632.4339	1659.5046	3452.4013	20788.6438	59070.6696
0.2089	133.7501	623.2068	1619.6706	3373.3623	20342.9509	57936.0942
0.1967	131.8416	612.5789	1593.3712	3302.9614	19918.8238	56891.9305
0.1852	131.0414	607.3458	1566.0228	3226.8748	19533.7251	55844.2009
0.1858	129.6855	590.8857	1549.6653	3172.3541	19176.5656	54939.0448
0.1836	127.1355	583.2281	1510.0656	3120.3032	18816.9302	54068.9584
0.1829	124.0889	579.3106	1487.6921	3060.6041	18520.2607	53198.1294
0.1696	124.2464	571.7580	1470.4655	3017.5414	18217.1803	52409.9182
0.1651	122.9758	564.2606	1445.8275	2968.9324	17935.2865	51656.4942
0.1584	123.1531	563.7253	1419.2057	2927.7488	17613.6702	50852.6664
0.1588	119.7575	563.4603	1399.3055	2880.3171	17350.2339	50164.4637
0.1485	120.9938	548.1195	1386.3730	2836.7230	17098.1601	49344.8395
0.1436	121.3846	541.6850	1366.5955	2778.0516	16795.1297	48577.9496
0.1432	118.2344	537.4822	1329.9451	2748.1599	16537.1609	47818.8024
0.1422	114.1692	523.2117	1324.3488	2702.5248	16262.3241	47025.2505
1.2519	116.7975	523.7046	1335.7464	2728.3307	16334.0277	47365.4440
1.5768	116.7132	539.5033	1342.4833	2761.8007	16501.3640	47962.9940
1.7201	116.9739	530.6488	1366.6770	2778.1222	16622.9180	48542.3479
1.7692	118.1108	537.8846	1368.6457	2851.5814	16833.7049	49156.2761
2.0089	119.0130	548.6844	1400.6033	2887.4787	16997.0254	49742.9729
2.1111	120.0964	560.1150	1410.0742	2894.6550	17130.6483	50305.6764
2.1043	121.7132	556.4006	1441.6029	2936.9856	17243.6921	50769.1997
2.1350	123.5675	569.6343	1436.6628	2958.2542	17380.6102	51089.7718
2.3776	121.5865	563.3843	1456.7037	2982.6361	17450.0436	51484.4867
2.3062	123.7452	570.1115	1460.0982	3003.7463	17548.6743	51829.8652
2.2878	125.0383	570.1316	1462.4635	3021.7458	17588.7227	52044.2138
2.3028	127.6341	570.7132	1473.2601	3026.7688	17657.0326	52219.6753
2.5141	127.5686	583.4141	1470.7037	3023.8546	17708.1023	52412.4398
2.5023	126.4096	574.8069	1471.9975	3044.2944	17724.9070	52299.7968
2.5000	130.1610	587.8668	1481.8584	3023.6987	17730.9591	52578.1369
2.6746	130.1478	583.3652	1475.3293	3044.2403	17735.6695	52570.7165
2.5164	135.1194	586.9056	1481.3907	3044.9286	17672.0436	52533.0403
2.4992	134.9466	575.9064	1472.9559	3041.3282	17643.4768	52332.5744
2.5332	133.6682	565.0504	1441.3274	2981.6812	17305.0269	51579.9339
2.1567	118.0959	546.4351	1417.1240	2953.4744	17055.2154	51052.0196
2.1630	122.5339	527.2466	1403.7526	2917.5245	16938.7145	50758.7671
2.1477	115.5697	530.0653	1387.5059	2890.0509	16762.6069	50355.1823
2.1159	119.3432	530.2037	1374.1505	2871.8014	16658.0661	49970.6431
2.2314	115.3222	523.3902	1357.1872	2833.4599	16537.7248	49623.9609
2.2888	115.2898	504.9671	1358.2034	2829.3691	16392.0685	49270.9236
2.1788	114.6935	512.8292	1343.8576	2817.6494	16272.2780	48970.5845
2.1970	115.4059	512.4810	1338.0104	2818.5279	16207.8235	48723.2802
2.0462	113.3693	507.9362	1342.6133	2787.9935	16092.0064	48338.8091
2.3641	111.8097	512.3058	1339.1650	2766.9311	15945.5829	48119.1482
2.2180	113.1357	500.5036	1328.2332	2758.9918	15867.1019	47734.8215
2.3139	118.2439	489.9107	1327.1494	2734.4870	15785.1271	47396.3156
2.3912	115.4973	493.3653	1335.7718	2722.0817	15663.0072	47084.1711
2.2987	116.3941	497.5381	1308.9582	2700.5910	15567.4192	46779.1787
2.1096	113.8498	498.5331	1309.0088	2699.5183	15444.5473	46425.2442
2.5109	112.9574	489.6035	1282.3733	2673.6526	15350.8885	46059.1752
2.1504	117.4354	481.3258	1280.4508	2670.8326	15222.7990	45711.9223
