7346.1202	862.8685	5216.9919	2370.5391	6673.9981	8342.1476	11250.8485	1198.2427	7915.2713	2487.8869	7321.1869	7987.3195	11246.3062	8217.6464	10500.9125	12871.4480	10454.6914	12041.2307	13269.2453	10969.3763	5588.0486	7665.4098
15370.8895	5690.0473	11467.7974	7562.8647	13293.7785	14146.1221	22221.1545	2556.7878	15752.5887	5357.6345	14443.8075	16321.4597	22632.6069	16468.9162	21072.2834	24404.8076	20587.5379	23476.4273	25503.7996	21335.6245	11159.2686	15142.1020
23069.1767	9038.5395	17879.2735	11608.0283	19962.6955	19378.6068	33352.9502	3891.4007	23468.9924	8163.8039	21109.6693	24265.5299	33934.7824	24363.1926	31217.5843	37115.0927	30687.5844	34472.9525	37444.4951	32014.5292	17385.4008	23411.7951
35623.3764	12608.3960	27642.1135	15688.5196	26427.9008	24473.3358	43773.9085	5213.2207	31511.3762	10957.7381	27498.7686	31993.9801	44598.0026	32091.8168	41182.9920	48792.6880	40493.3650	44913.6942	48369.8380	41646.8831	23633.3808	31787.8189
43977.9866	16094.2293	35831.2955	19709.2826	33193.3828	35505.5998	53800.0490	6534.6627	39218.6418	13798.1753	32930.2723	37881.2388	51425.6746	38739.6926	49781.7637	56814.9686	49385.7246	53870.2741	57219.2439	50151.8399	29902.9565	39806.9164
50631.2545	19487.1398	42299.1735	24273.1247	39671.5580	39484.1795	61206.2546	7852.3568	46988.2916	16579.0045	37560.5984	43844.3781	59137.2820	45528.9042	58161.1598	62676.3622	57215.3294	61169.1146	64408.7341	56652.8944	35499.6634	45925.1978
55658.0103	22997.1444	48473.4683	29849.4057	46306.3862	42505.6990	67382.1000	9165.0876	54137.6118	19298.8623	41451.2372	48734.7429	62576.6983	50714.4444	63410.4810	67335.1143	64370.8382	67186.1305	69280.2446	59079.9535	40724.8837	51255.1328
58649.7168	28767.0284	53339.5724	33755.2872	52661.4072	47657.5280	71031.9132	10470.7819	60598.0072	22175.3771	44706.1930	52141.9717	65897.1263	55117.2591	67203.5164	71487.4961	70018.3381	71848.3525	72992.0120	62823.4859	46181.7683	56014.7979
61941.4518	32301.1610	57147.7468	38209.3923	58667.4079	50785.0285	73089.5013	11798.8609	66112.1594	25069.6684	47619.8566	55003.2614	69025.2249	59265.1105	70220.2284	74662.7807	73804.4184	74897.7406	75517.3525	64785.5530	50883.6069	60073.4121
64028.8027	35821.7001	60005.3872	42238.0936	64318.4556	55223.5321	74787.7808	13095.5963	69312.4225	28287.9079	50105.8695	57787.3701	71294.8385	61688.5456	71729.1765	77782.4594	75969.9406	76876.3625	77218.9510	65672.5835	55460.3062	64143.3380
66140.6001	39105.3453	62306.4040	45960.3397	69266.3872	59111.6486	74533.6337	14365.9252	71574.6248	30971.2102	52164.9180	59210.1271	71946.6808	64141.9105	72362.5927	79590.4149	77143.6413	78097.2311	78146.4432	67730.0114	59565.4224	67468.4056
66860.3860	42591.3118	64254.9544	49216.7618	72774.1072	62438.2524	74825.4489	15665.1953	71788.5028	33734.6973	53755.8821	61173.8262	73942.1912	65285.8616	72891.8647	81525.3822	77576.8028	78760.7995	78910.0727	68818.7637	63390.3256	70645.3933
68295.5669	45720.1882	66083.3439	53450.3676	75048.3282	65928.6509	75616.6382	16950.8227	72278.2087	36455.8849	55333.6326	62619.3575	73003.5924	66912.1450	72824.3318	82598.6703	78193.8324	79285.6038	79486.0523	71012.1464	67026.6193	72789.9803
69354.5324	48673.8916	67499.7964	56732.3001	75141.0514	70842.1591	75760.0459	18227.0921	73240.1081	39062.9850	57316.5123	63099.1090	73881.1356	66931.1089	73068.4557	83531.1708	78304.1779	79528.6906	79452.9505	71303.0552	69902.7298	74754.8010
69905.5116	51472.6029	68687.0388	59436.8801	75886.0449	77900.7845	76694.9621	19529.1080	73607.2470	41705.7390	58533.7123	64804.8565	74922.5418	68062.2902	74064.8743	84633.8204	78937.4416	80043.6880	79771.4438	72837.8886	73038.7305	77227.9883
70511.1239	54111.9790	69641.1459	62523.4479	76284.9210	78166.3395	76520.8283	20757.7097	73443.0965	44094.0942	59659.9724	65540.1640	74942.3035	70092.4818	74868.9542	85069.0812	79336.2307	80546.2323	80312.4461	73466.8457	75582.7354	79224.6780
70655.7540	56200.9441	70289.0708	64717.7648	76302.4783	83436.6227	77093.6865	22099.9077	73623.8994	46688.3112	61053.8800	66070.7628	76498.6105	70915.8255	75064.1296	85715.7689	79585.8743	80727.6448	80212.4588	73702.3784	77333.0313	81176.3880
71745.9473	58145.0392	70808.8745	66280.6196	76022.2821	88148.4295	75799.3786	23349.8963	73758.6686	49162.6523	62354.6029	66575.7494	76249.5392	71879.4807	75426.4460	86625.6457	79913.2902	81020.2485	80465.6924	74938.2854	78739.7893	82329.5697
7711.3513	994.0124	5866.4300	2803.0359	7857.5719	7447.5836	12911.6969	1394.7100	9242.8839	2904.8074	7928.1488	8605.7842	10764.9449	9298.4884	11984.5130	12908.7040	11874.0748	13266.9075	14012.0807	12134.0773	6023.8079	7718.0229
17641.9918	6558.0045	13225.2201	8700.2301	15860.8382	14878.7797	25927.8889	3021.4425	18720.2012	6297.5014	16392.4427	18664.7128	25786.5309	19096.8846	24681.4357	27182.0153	23912.6203	26665.9002	28242.8563	24637.2213	12957.6327	17031.2371
28351.5650	10408.3576	19912.2752	13481.9422	23594.5517	19474.1378	38603.3779	4612.8606	27716.0663	9607.5988	23493.2647	27857.5337	38351.1721	28449.2191	36316.3578	41210.2169	35464.1552	38790.0216	41273.0292	36047.8402	20138.3425	26127.4418
39696.6690	14468.3255	32400.3885	18090.7964	31717.0649	29161.0045	50333.9022	6199.3968	37336.4117	12947.4348	30901.6681	35805.1938	48218.2449	37182.5115	47088.9368	51914.7879	46021.6452	49213.6422	51813.1871	46251.6201	27817.9738	35908.5373
47752.3736	18520.1024	40230.6430	23533.5306	39607.7623	36997.2780	59772.7284	7770.7674	46413.9365	16250.0859	35509.3294	41919.7073	54845.8428	43820.6786	56115.5494	59357.0666	55254.2141	57947.9118	60249.4191	53369.2042	34258.4614	43091.0222
54030.3956	22315.6837	47247.8948	30070.3106	47122.2216	39454.8423	65659.0766	9348.7819	55177.2035	19632.9689	41053.1217	47764.3155	62071.9019	50977.4463	63055.8987	64877.8462	62803.0688	64551.8273	66604.4421	58360.6278	40466.5125	49495.2685
58197.3241	29166.1808	52712.8391	34160.7583	54512.0517	44389.1073	69373.3970	10902.6985	61937.2668	22995.4355	44455.0536	51799.7880	64659.2947	55287.3654	66888.8405	69379.9754	69009.5171	69942.1464	71130.3811	61731.8476	46288.3425	54899.4427
61278.2449	33395.7118	56633.5804	39796.3029	61751.1892	48344.1825	72208.7720	12471.8743	66444.1987	26791.9228	48120.5048	55430.0678	67809.6751	58972.7293	69618.4903	73194.3631	73009.6020	73418.0190	74077.8299	63755.9767	52012.5108	58763.9055
63006.7936	37323.7690	60046.6799	44348.0015	67721.9440	51313.6426	73297.0284	14020.3536	69274.7257	30248.7066	50393.2464	58582.6672	70778.5435	62254.3818	72129.7092	76547.5632	75869.4561	76315.8771	76432.3168	64797.3291	56705.6651	63620.9004
65639.7500	41255.0267	62596.1562	48870.3814	71700.1616	55654.1199	75062.3738	15606.4419	71303.6915	33578.5819	53456.2335	60926.1864	72481.5469	64919.3403	73843.8376	78990.9642	77185.8772	77786.9289	77531.3234	66837.8340	61772.2647	66890.8145
66798.8933	44905.5493	64600.8777	53070.6957	73326.1493	58945.4135	75652.8294	17135.9170	71776.8309	36763.4500	54932.4522	62319.4677	74137.2730	66635.5869	73919.9877	80981.1463	78186.9235	79026.8721	78678.9125	67887.3738	65540.9719	70251.5200
67748.5319	48506.9502	66421.7169	57007.7918	74908.4159	64184.4909	75432.5287	18713.0619	72043.2113	39858.3721	56974.7089	64009.3519	74441.8862	68318.1249	74851.4898	82760.4234	78758.2977	79684.8834	79727.2196	70154.6459	69457.5412	72973.8218
69493.9794	51713.3463	67845.0472	60391.9445	75756.9907	69450.0335	76546.8698	20259.5355	72837.5030	43048.7633	58394.0152	64943.7144	74816.1123	69552.0250	74958.2830	83764.1908	79123.1752	80113.5795	80030.2535	71855.7491	72347.1562	75655.6027
70532.4735	54099.5546	69090.3730	63251.8420	75233.6344	72009.0242	76470.3035	21771.7677	73919.1749	46047.5282	60406.0676	66225.7213	76279.4566	71290.0084	75026.4572	84656.4320	78921.3810	80095.4589	79893.6501	69570.0671	75529.7717	78451.0952
70452.8857	56718.9689	69819.9404	65624.6689	76055.9362	76449.5275	76323.1719	23293.6089	73347.3233	48971.4904	61140.7442	66261.9942	74734.3952	70865.7340	75512.4853	85277.3689	79564.5711	80679.9507	80397.8319	73447.7835	77455.8422	78989.2343
70746.5757	59308.3223	70614.6202	67669.8457	75659.9436	82544.4913	75931.9710	24984.6864	73924.3438	51542.9707	62680.0415	67036.3110	77027.4150	72338.0813	75864.6243	86140.4381	79914.8830	81016.8844	80635.4026	73451.7024	79965.2872	81598.2955
71549.0835	61108.9519	71058.7303	68787.8950	76209.4126	85516.2327	76276.2475	26556.6896	73756.7558	54388.7716	63623.6631	67860.5376	77219.8414	72595.7336	76084.8345	86692.8369	80146.8144	81257.1970	80582.7542	73412.2323	80138.1304	82684.1714
71542.5426	62727.2085	71087.0207	69926.4686	75529.9145	94420.3951	76960.6032	28227.1609	74575.5513	57023.5901	64983.6396	69303.3510	77736.8661	74246.1588	76691.7257	87535.0145	80462.8183	81615.7391	81007.9387	72502.4459	82473.2596	84285.8902
9818.9862	1162.4967	6868.2872	3257.2515	9264.7282	10028.5923	15238.0184	1618.3947	10940.0177	3342.6572	9601.5679	10522.5447	14707.4136	11021.8383	14258.7860	15684.2378	13894.4019	15428.0850	16487.9961	14382.3193	7422.6834	9800.4750
19972.6837	7409.1926	15016.3265	9918.8092	18493.6061	17434.3613	29808.1946	3503.5603	21591.1736	7244.7999	18511.5789	21243.0800	29079.1016	21805.7759	27986.4695	29759.8804	27108.7206	29693.8869	31392.6618	27805.9793	14988.8801	19481.1402
32959.8218	11790.1743	22687.3588	15265.9339	27820.9188	26087.8385	43930.1806	5351.1057	32498.7429	11089.2280	26243.9403	30881.5372	40989.1871	31704.1767	41180.0233	44035.8478	39777.5903	42367.4283	44385.0948	39716.1298	22853.7283	29062.1321
43141.4884	16315.7172	36117.0343	20896.6873	36903.4201	32936.4663	55817.0266	7179.0266	43174.1371	14865.9707	33680.2851	39452.7611	51056.8214	41177.9880	52531.7605	54216.3904	50639.1609	52678.4777	54657.5576	49494.1282	31235.5733	39430.2670
50859.5625	20722.4886	44307.4391	28550.7703	45840.2202	37795.9771	63637.7481	9011.6041	52928.2891	18602.1450	39254.8861	45639.3190	57392.0401	48703.0371	60357.7427	61381.2865	59934.5955	61111.9491	62851.9364	55874.3754	38387.5348	46904.8057
55853.6631	28470.9470	50988.0240	34232.9954	54623.4140	42598.0928	68173.4044	10829.2019	60373.4295	22697.3651	43753.5203	51320.3419	63367.5014	54365.7365	66619.4111	66857.6700	66770.3897	67420.0055	68666.2006	59847.1246	45268.6746	53127.7395
60252.5873	33178.8427	56066.9268	39727.0788	62158.2588	47213.9582	71165.6886	12654.6684	66127.6903	27278.1428	47790.2794	55496.0919	66596.7690	59138.6150	69523.7564	71227.1153	71911.6899	72164.0345	72836.4296	63594.2109	51443.8185	58221.7236
61761.3821	37779.8269	59637.2661	45023.7876	68233.9362	50669.5031	72220.2745	14457.4936	68741.0543	31163.4892	50885.2967	59216.6381	70138.5280	62134.0536	71682.1226	75145.9785	75210.1792	75562.3890	75530.0870	65542.8311	57185.4623	62861.9325
64760.4541	42028.7530	62384.2074	50078.0436	72570.4404	55332.3164	74784.2284	16277.6772	70192.7470	34934.5488	53424.4270	61279.6039	71998.9626	64974.9637	73356.4837	78030.1725	77196.9285	77621.3413	77600.8733	65491.9767	62420.9167	66377.3215
66070.0679	46128.4953	64607.0709	54754.9912	73789.9333	59760.2515	74935.7142	18074.4895	71247.4784	38641.3926	55577.4651	63640.3626	74146.9452	67079.6127	74614.5726	80277.3581	78214.8097	78833.1282	78501.5135	68012.5660	66884.8822	70784.2001
68102.2253	49899.7160	66338.5644	58932.6642	74530.6924	64291.7719	75944.0990	19874.7724	43226.0062	42216.8359	57903.1300	65081.6823	75246.3068	68708.3645	74748.1032	82112.1578	78816.0062	79743.1540	79172.3607	70319.4831	70767.8230	72970.2622
69203.7993	53358.9880	67908.0967	62603.9517	75213.3856	66859.5789	76630.2887	21649.1246	73453.1506	45697.7105	59728.5111	66296.2380	76250.2643	70734.8828	75592.1390	83772.3978	79251.3416	80245.1484	79851.8391	71584.9283	73862.2854	75864.1352
69925.5163	56298.6535	69155.8391	65617.5271	75819.0954	71396.4242	76532.3382	23443.2081	73073.0921	49185.0550	60956.0549	66777.2266	76283.6336	71533.7591	75687.5373	84439.5911	79555.9305	80569.1238	80466.1443	71446.9365	77060.8345	77901.1218
71225.5138	58701.8322	69998.2695	67130.5150	76617.6208	76079.3295	76917.1753	25246.9549	73522.2456	52374.9044	62468.3672	67565.3508	76228.7484	72442.6591	75845.5021	85082.2215	79405.3191	80641.9989	80570.2923	72215.8526	79020.1208	80112.0827
71213.3755	60905.2711	70680.7840	69280.6647	76499.6370	83074.3237	76129.3078	27385.5220	74322.6571	55493.6577	63577.8069	68209.5021	75987.9375	73419.5030	76461.9657	85439.8670	79940.2034	81053.2778	80469.4178	72649.8081	80729.0186	82530.0351
71780.7435	62954.1308	71116.5282	70473.7031	75748.5868	85743.9801	76974.5990	29081.5260	73920.0266	58114.9602	64842.3460	69015.1622	77686.9307	73788.3936	76686.4292	86372.6578	80330.7909	81470.4992	80817.2466	75544.8337	83086.5081	83222.5894
71945.8997	64581.9288	71392.5948	71608.9310	75170.2749	93347.3298	76683.8414	30996.3062	73746.4938	60923.7485	65953.8707	70151.1175	77751.4379	74838.9761	77243.5873	87011.1253	80567.2938	81725.7802	81156.8660	74198.7550	83660.3637	85256.8246
72315.4401	66105.2364	71391.8808	72634.1953	75396.6238	94892.3741	76637.4768	32701.1202	73465.5432	63491.5760	66971.9671	69866.9537	77993.8908	75680.7754	77366.3528	87818.1226	80753.3745	81923.9544	81325.3422	74135.3948	84006.8609	85722.3459
10894.5445	1318.4017	7639.2883	3721.2156	10573.4827	10651.1987	17070.5509	1846.7138	12359.0052	3768.5808	10428.9568	11414.6387	15714.4229	12112.1595	15797.7367	16571.7293	15288.3572	16539.7995	17419.7537	15622.2990	8267.0348	10734.8710
22231.7543	7955.5671	16690.1114	11215.0278	21082.3105	17978.5058	33281.9671	3981.9726	24300.4156	8139.2065	20315.2901	23298.2189	31491.5357	24163.3521	31270.7534	31709.8291	29885.1702	31926.7461	33617.4808	30125.9799	16691.8549	21263.7224
35525.6376	12990.2938	28803.4087	17187.2521	31555.5310	26172.9709	47070.6363	6077.3388	36760.5340	12455.0482	28279.5566	33505.7579	43066.6051	34647.8751	44650.5354	45518.5938	42673.6426	44094.6988	45774.0966	41523.1195	25160.5254	31095.4933
45337.9314	17894.2735	39058.9819	23561.1793	41936.3583	33781.3042	58766.3461	8170.6146	48354.4471	16737.5382	36080.4062	41979.3119	52773.8443	44384.8003	55611.5006	55786.7644	53982.2433	54919.7223	56718.8485	51410.1042	34104.3451	41497.1216
52650.2888	22797.2441	46989.5465	31972.3180	51963.0972	38087.2154	64830.1629	10235.9719	21738.6979	20830.0422	41408.4192	48622.5715	59180.2238	51537.6029	61959.7110	62215.8026	61972.7005	62183.2596	63664.1960	56404.1812	41474.7010	48207.8413
57986.3744	31482.4998	53624.9868	38225.6481	60748.7081	43415.7994	69091.3862	12322.8738	64546.9067	25852.7056	46286.7583	54124.1357	65114.2311	57404.6494	67721.4382	68044.7981	68820.6602	68899.9533	69976.8451	60324.2498	48895.8183	55107.7655
60226.0735	36486.6974	57609.3310	44020.9776	67020.4994	46654.1834	71654.7694	14364.6241	66162.2941	30828.9335	49589.9639	57641.1754	68161.3685	60213.7513	69887.2226	71916.4110	72574.3815	72494.7914	73013.1046	62159.4846	54879.8039	58964.0777
63443.2216	41479.1724	61235.0598	49928.7131	71619.9271	53671.6746	73493.3265	16415.6328	69585.7846	35236.0524	53081.8984	61049.9888	70156.1877	63504.4299	72240.4681	75850.4450	76166.6653	76401.6308	76267.7012	64194.0886	61329.5089	64648.0615
64601.5949	45947.5497	63438.0765	54857.5160	73442.0822	55622.8856	73820.0903	18474.2065	70518.1161	39279.3401	55330.1460	62998.2897	73465.9982	66088.2808	74320.3634	78367.7523	77245.5325	77615.2423	77130.4007	67015.3563	65483.0421	68464.6994
67039.5496	49989.0929	65762.2460	59460.8758	74185.1761	60171.4799	75642.4791	20484.1249	71762.7837	43295.0347	57667.6888	65073.5154	75161.9868	68773.7366	75244.1380	80970.9122	78756.0796	79357.0113	79421.8885	68806.4866	70523.6744	72407.0213
68418.2456	53489.3734	67000.8856	62847.3264	75621.1961	64785.5984	75665.7574	22579.7012	72642.0287	47202.2765	59781.7258	66568.0016	75577.2645	70496.7072	75243.3400	82322.3072	78827.6015	79701.0005	79191.8278	69207.7089	73021.2991	73482.9122
69131.2369	56928.2110	68662.5400	66282.7345	76034.7610	69255.1622	75881.1220	24717.1006	73027.8079	51025.3449	61387.3094	67689.5487	76194.7969	71176.6204	76238.6501	83883.8099	79592.4015	80548.4013	80199.4627	72246.6745	76356.5574	77450.3192
70661.3035	59302.4199	69448.5250	68257.9941	75713.4025	71857.4998	76240.5802	27119.7075	74566.3492	54527.3178	62895.8131	67912.4399	76800.6792	72660.4336	76194.9798	84545.8567	79449.8091	80472.0076	80157.3632	71981.5151	79010.9622	79233.0814
70932.8639	61767.1425	70521.6728	69494.4797	76581.3550	79297.7358	76621.9287	29213.1374	74379.1830	58080.1426	64321.5827	68343.9293	77308.4473	73558.2961	76382.6747	85308.2544	79684.4750	80957.5403	80546.8775	72807.0259	80729.5075	81308.1205
72206.5152	63600.5280	70821.0740	70646.6487	75608.7080	81784.9351	76871.0359	31214.7708	74341.2184	60897.0678	65430.1236	68882.6153	76545.2717	73163.9324	76830.0990	85646.4970	80034.6846	81133.8983	80606.3575	73348.1354	81194.7002	83073.5757
72492.6735	65564.4666	71413.3106	72266.1284	75679.2035	87720.3548	76596.4941	33110.0360	74324.1741	63452.7033	66890.4942	70201.3791	78589.9124	74609.1866	77160.3925	86622.1689	80569.9527	81684.9989	80909.6645	75120.4718	83055.3785	85134.6391
72706.3766	66807.4318	71244.0141	72697.8555	75679.0883	91233.6327	76158.6698	35245.1446	73883.3800	65842.3243	67599.2961	70628.7913	78560.3504	75469.2366	77555.9770	87124.6639	80504.2155	81608.9074	80756.0939	74472.7403	83752.9315	85893.0219
73068.9327	68505.0516	71142.9705	73791.6309	75662.8398	99138.4121	76441.1592	37174.4546	73801.1196	68199.5877	68814.7378	71047.3799	78881.8515	76431.8514	77695.7639	87973.3207	80960.0610	82140.8232	81450.7835	75554.5473	84380.8846	87920.9796
10469.3257	1461.8575	7447.4337	4046.7457	11460.1015	9828.3929	18592.6913	2064.6494	13661.2077	4179.7370	10550.4957	12051.9778	15205.5949	12933.8142	16459.2150	16135.3329	16367.4620	17579.9861	18359.1728	16798.9932	8426.8020	10350.4705
21212.6247	8967.7861	16144.8482	12102.1980	22769.7816	17049.1141	36173.9582	4459.4157	26638.8285	9041.7456	20135.0602	24648.8649	31738.1552	25801.4953	32970.4795	32032.2423	31606.0616	33086.2244	34338.4184	32346.6178	17511.5830	21297.7024
37475.7328	14164.7689	31361.1737	18124.1091	34456.3447	28015.1650	49220.2645	6808.4315	40935.7047	13837.5375	30381.6219	35737.8168	45112.8332	37616.3885	47419.0201	47636.0802	45679.7417	46541.0808	48136.9148	44307.1396	28035.6885	34450.6438
46905.5806	19542.5883	41730.2618	28288.5433	45447.3907	35050.3532	60762.0269	9145.4390	52580.2009	18479.5274	37874.4803	44208.4219	54042.4326	46730.7471	57907.4619	57238.9244	56493.9085	56827.6093	58270.4089	51909.8321	36607.1628	43351.9485
53742.0668	28843.5756	49930.4012	35357.6298	55459.2316	40407.1375	66228.5535	11473.9219	60922.2504	23572.5036	43348.9554	50954.8948	60277.3051	53642.7632	64743.0509	63959.5799	64882.3269	64787.6498	65967.7170	58006.8541	44685.1614	50545.1323
58388.6494	34570.2145	55699.7547	42037.0431	63952.7253	44781.8618	69456.8164	13809.5202	65186.3735	29551.7710	47934.7691	56412.4921	66476.2558	58963.5792	69129.7382	69258.5806	70576.1921	70381.9566	71201.7775	60953.8736	51961.7776	56686.4994
60955.7421	39931.5438	59636.4010	48399.1724	69781.3740	48492.8619	71768.6107	16115.7533	67805.3885	34357.3205	51547.8863	60000.8161	69344.9890	62308.1529	71562.1341	73168.2257	74406.1654	74309.3432	74259.0896	64029.7374	58646.6511	61499.8993
63965.2739	45029.1813	62647.5419	54127.8142	72582.3988	52994.2488	73867.3488	18405.8515	69996.0593	39009.1318	54662.1928	62275.9600	71096.8735	64957.6830	73577.3359	76638.2152	77095.1470	77265.1744	76908.1602	65742.0610	63901.5588	66116.3556
65559.9802	49575.0148	64802.1141	58055.1637	74095.2368	57520.9394	74462.0332	20727.5172	70426.0167	43506.8947	57115.2763	64871.7719	74156.9405	68168.5025	75033.5098	79517.5192	78509.0716	78948.7540	78597.1023	68188.7702	69451.1784	71045.3282
67469.7489	53152.3654	66565.8438	62267.3555	75066.4593	61294.4726	75502.9753	23083.6393	71319.3499	47831.4676	59141.7699	66868.9432	75659.5966	69899.1135	75866.3115	81292.7925	79262.1052	79912.2770	79550.7354	69093.2318	72720.3831	73541.3471
68561.2119	56702.0331	67915.9671	66051.3942	76105.8612	65065.1106	76497.6163	25459.7942	73019.3017	51869.0321	61275.3339	67699.1785	76247.3204	71712.9516	76088.3871	83311.5488	79650.8363	80480.4065	79948.4470	70677.9488	76547.9690	77017.1857
69235.2020	59704.9148	69078.7399	68852.3100	76400.9720	69775.5190	76438.8866	28150.0525	74537.9073	55815.7817	62773.4556	68728.4657	76911.8424	73164.9210	76595.9870	84460.0315	79861.1873	80868.1981	80479.6943	70223.8651	79240.1483	80185.0447
70600.9098	61057.8154	70022.6422	70270.6156	75430.0723	74065.9320	76170.8529	30445.8998	74868.0031	59318.6395	64359.5989	69206.3998	77526.5871	74300.0985	76786.1484	84963.0352	80152.8351	81180.1241	80613.9825	73041.4825	81166.7783	81441.1843
72094.4449	64229.5053	70704.6573	71396.1905	76044.9229	78136.9935	76877.3694	32745.9834	74606.0717	62762.7446	65578.7783	69974.8700	77930.2990	75204.6497	76760.1968	85532.8628	79865.5883	81112.4795	80631.8434	73824.5922	82374.4073	83080.9427
72377.9100	65997.7375	71126.6958	72289.6507	75600.3721	84717.9970	76929.3177	34999.1281	74136.1794	65330.8908	66801.7538	70259.6174	78044.8995	75474.2477	77109.6300	85942.0324	80386.0995	81505.8107	80985.2512	73333.8334	83954.9408	84778.9615
71881.7195	67515.7607	71499.4263	73334.0103	76472.9175	90698.1263	76677.3745	37037.6997	73792.8436	67570.8926	67566.1625	71156.9927	78397.1770	76508.1815	77685.0409	86441.1698	80620.4288	81729.8097	81095.4936	74384.9237	85002.5016	86839.8964
73156.0837	68745.0545	71453.3404	73867.9679	75833.5356	96082.6412	76473.3463	39471.4181	74119.4793	69689.0629	69018.6549	71531.9476	79239.0442	76687.9834	77710.7192	87176.4476	80730.1318	81857.5898	81024.8908	76210.8826	85989.5756	90218.9998
72708.5654	69734.8906	70822.4452	73988.6842	75921.2230	99193.7810	76393.6913	41568.2104	73107.0941	71179.0771	69377.6513	72151.1778	79344.0949	77629.9243	78063.9119	88019.9219	81007.4336	82190.7254	81471.5503	74297.0531	86344.4124	89454.0560
12332.0184	1626.2978	9387.3409	4585.2053	12878.4079	12025.0741	19955.9652	2266.9430	15009.8784	4555.2877	11874.7337	13172.2506	17608.2570	14261.8126	18465.6556	17966.7596	17760.2857	18448.5025	19314.5559	18287.1747	9823.8927	12353.8617
25781.9355	9649.3581	19941.0695	13854.3109	25668.9177	20582.6301	38039.4237	4936.7132	29079.2201	9880.4971	22946.6542	26386.8747	34122.1431	28053.6838	35680.0374	34380.1799	33986.3785	34776.5544	36096.3725	33669.4773	19683.7397	24193.4010
39192.8852	15094.4274	33838.8055	21135.3217	38170.2813	28537.9038	52594.6377	7511.1935	44325.1513	15087.6343	31980.4401	37552.7008	45856.6996	39382.3814	49406.6790	48145.0883	47152.6614	47373.3751	48813.9955	45368.4738	29764.1361	35650.1470
48150.0646	20888.8869	43794.3100	30816.1156	49746.1368	34683.6163	61329.5046	10120.7906	55443.0089	20471.2451	39495.9346	46213.8264	55159.2706	48540.7124	58701.4279	57405.7671	57346.1987	57212.6803	58575.1179	53734.3844	38774.0426	44236.4272
55004.5645	31055.4437	51517.5372	38360.0173	59818.3759	40623.5294	65984.7395	12648.8106	62215.3930	26299.5462	45070.9610	52380.8848	60660.1091	54848.7682	64733.2572	64148.1164	65254.0537	64929.8553	66104.7792	58593.5074	46852.4176	51451.1858
58839.9385	36024.8607	56885.5665	45346.0179	67204.7028	45685.3733	70407.6122	15264.6215	65468.8345	32484.6684	49664.1089	57559.6811	66501.4720	59629.0468	69618.1386	69666.9419	70659.6984	70363.6734	71264.9682	62057.4178	54471.3674	57338.7226
62145.1550	42696.3750	60457.3508	51657.4357	71085.8884	49838.7954	72669.5947	17746.1473	68876.7747	37643.9368	53449.6058	61075.0108	69019.9367	63089.3111	71910.5956	73485.9365	74490.6642	74302.8911	74187.6974	64281.2288	60767.2124	62344.3693
63764.4425	46583.8120	63282.3158	57429.8140	73048.8556	53871.6954	73645.5644	20441.6889	69870.0331	42609.4112	56371.3883	63509.7886	72371.7628	65903.3485	73599.8442	76671.6320	76541.2523	76513.9181	76322.6617	67076.9472	65969.9505	65034.4503
66463.2234	52312.5943	65310.0473	61866.7101	73024.3499	59007.1012	74682.8637	22901.6415	71525.3668	47384.3011	58805.8100	65961.2551	74901.0354	69215.9299	75365.0841	79549.5547	78337.3246	78739.6727	78270.9881	68429.0364	71325.6249	70712.6096
67342.8562	55919.8041	67003.4650	65502.5623	75985.1213	62305.5783	75979.7644	25684.7399	71779.5424	51966.3588	60603.1437	67432.3607	75481.8377	70296.2595	75952.0349	81474.1553	79113.8465	79662.2807	79371.3728	69074.3099	74375.0029	73430.8246
69464.6401	58903.5886	68279.1267	67767.5332	76174.8357	68348.4494	76384.7950	28566.7583	74023.7364	56071.9214	62569.9842	68546.9296	76587.9121	72148.9012	76369.1937	83138.9618	79454.6017	80344.5214	79748.7657	70983.5661	77637.9950	77075.7685
70522.2181	61583.0598	69360.0040	70091.0708	76104.0168	72599.4873	76196.4316	31081.6992	74974.2363	59862.0075	64359.4121	69036.9284	76935.4094	73609.8456	76705.6203	84329.8369	79942.1459	80859.4187	80279.7698	72667.8939	79887.7081	79939.8136
70907.7970	64094.8210	70291.0477	71324.5441	75756.0437	76230.8519	76199.9110	33652.7691	74952.1039	63250.8474	65675.0725	69698.2916	77467.5528	74313.4444	77122.9067	84817.1821	79998.1680	81009.9094	80398.3679	73276.4243	81310.8192	81953.0093
72155.8580	65929.1444	70890.9960	72343.7167	76476.1184	81962.9338	76773.0278	36130.2185	74618.8653	66386.7294	67069.8577	70575.9623	77644.9800	75005.2963	76777.6437	85558.9753	79912.4645	81122.0289	80549.3828	74092.1368	83732.5038	83442.3505
71929.4994	67529.3498	71360.7114	73266.8041	75963.5793	86141.5889	76717.6446	38609.2434	74132.9195	68604.7479	67884.6109	71098.4278	78610.0234	75792.8181	77543.1387	86073.4531	80359.3836	81437.7450	80774.6560	75280.8274	84587.9674	85113.2824
71769.8179	68648.6976	71518.9775	73822.6580	76295.9753	91824.4545	76951.1481	40882.4194	73874.5988	70287.9350	68770.7192	71348.8928	78475.3385	76098.9561	77762.7692	86708.4325	80738.6732	81867.3765	81048.9611	73864.2175	85294.2440	86335.0364
73286.1305	69614.5224	71467.8371	74145.4366	76201.4807	98488.7117	75768.9073	43554.8592	73703.5252	71917.2146	69788.7115	72279.7181	79460.6764	77020.4659	78012.7033	87362.6387	80820.0837	81964.1093	81090.7568	74345.3899	85363.7554	87839.7845
72290.7774	70376.1493	70793.6045	74070.7619	75251.8656	102232.9709	76532.1835	45817.5815	73354.5481	72308.5916	70623.2690	72683.3666	79513.9830	77492.1585	78046.7906	88189.6128	81040.8743	82199.7341	80948.1270	75217.4258	86593.6675	90933.8154
13006.9323	1796.3962	10223.2466	5097.7170	14091.6760	12704.7738	21400.0957	2495.8473	16246.5055	5028.1212	12622.5692	13875.4738	18152.4495	15193.9922	19554.5391	18443.9066	18645.4373	19083.5346	20024.9497	19342.6069	10526.6461	13000.8868
26935.3334	10263.5658	21333.6142	14930.2168	27930.1669	21026.9536	39939.4949	5395.3070	31014.0087	10862.5700	23968.2804	27426.5279	34545.0517	29098.3145	36745.5303	34879.4433	34903.3039	35276.8755	36696.3995	34167.9709	20989.7194	25309.6881
40518.4806	16126.2323	35837.3819	22953.0515	41467.8166	28673.5588	54148.0632	8244.9903	47670.8729	16573.7061	33441.8650	39037.6349	46805.4235	41072.7481	50593.9811	49078.0304	48386.4586	48324.0281	49649.4100	45636.5105	31317.2995	36708.2065
49351.4029	22160.7904	45456.5834	33043.4138	53496.9067	36041.8560	61344.6121	11054.5868	57850.8769	22322.2396	40711.3700	47331.1797	55315.4867	49891.5221	59056.0983	57836.0336	57726.8104	57350.4753	58639.4938	53472.5766	40435.1790	44968.2129
55461.9157	33316.1922	53096.1353	41116.9545	63020.3374	40938.1309	67223.1759	13861.4794	63807.7765	29417.2083	46621.9840	53868.3332	61255.3375	56013.7479	65714.6054	64900.1133	66100.6722	65689.4326	66600.6021	58781.1893	49159.7590	52324.5867
59606.3876	39575.3968	57651.5903	48137.6367	68123.9691	45204.9868	69863.2690	16690.4194	66289.0545	35301.8066	50995.3485	58529.6603	66470.5002	60338.3168	69542.7656	69806.0308	70629.6339	70200.3549	70906.2022	61005.6541	55661.7433	57517.7273
62215.7530	45277.3252	61243.9342	54564.5331	72052.8293	50921.5670	71775.1438	19531.4386	67887.4132	40744.3686	54477.0716	61673.1151	69474.3022	63717.9566	72289.6760	73981.0454	74969.9186	74809.2525	75029.8091	64579.0990	63002.4516	62964.5076
64417.0214	50271.2613	63565.5427	59802.7119	73681.5805	53915.7411	73679.6900	22412.7696	69908.9796	45953.4842	57363.6491	64272.2453	72060.2669	65847.0878	73861.3525	76504.9701	76374.3879	76304.1415	76497.5623	66081.6664	66796.2939	65520.5150
66199.0768	54710.7036	65823.1477	64322.1660	73913.1099	59802.4110	73995.4831	25209.9376	71906.3710	51020.7379	60177.9105	66688.7999	74236.9353	69071.8604	75485.7467	79787.1243	78579.2981	78996.8266	78465.5400	69799.3530	73004.9961	72059.4417
68388.2527	57866.8667	67104.4751	67490.0728	75166.3473	62876.9480	75727.9607	28490.0796	73391.3485	55609.2863	61877.3536	67918.8457	75679.9244	70548.9650	76022.2926	81354.6027	78892.8501	79454.4926	79284.7941	69465.2592	74626.4659	73402.0820
69668.4774	60899.9815	68610.7517	69874.3571	75880.3106	67386.9113	76443.2269	31307.9189	74886.2664	59731.4316	64028.9637	69273.0408	76708.5929	73196.3041	76281.0621	83366.5590	79639.9812	80569.3566	80041.8478	68989.2241	78887.9830	78463.8383
70088.1785	63070.1752	69389.8746	70929.4327	75925.4218	70863.3185	76024.3168	34077.0363	73967.5521	63170.5191	64880.9053	69651.0459	76796.3834	73819.6838	76697.3953	84203.2043	79732.9115	80653.1925	80504.2556	72233.8066	80456.3709	79268.0214
71490.5064	65474.4459	70407.6390	72155.7651	76870.4250	77589.9524	76155.3313	36877.9559	75041.1269	66374.1815	66790.4002	70572.8124	77876.4226	74753.3761	77000.0384	85019.3573	80107.7117	81214.6324	80599.2819	72363.0809	81889.2269	82565.8794
71298.0329	67034.4464	70873.9494	72921.1612	76182.5974	82262.3477	76524.5167	39541.7135	74500.1973	68955.4921	67649.9880	70899.9411	77710.5527	75724.8111	76934.2400	85467.6141	79776.2474	80986.5109	80383.2494	74333.7915	82898.5492	83454.0135
71625.5170	68440.8844	71374.0019	73775.4579	76296.5320	85509.9880	76604.9111	42274.1880	73779.9347	70760.9983	68579.2510	71637.4636	78731.3831	75923.3927	77558.1494	85980.4111	80413.9805	81557.8956	80905.3285	74527.6695	84340.1743	86289.1165
72877.0189	69316.5816	71411.1010	73976.5939	76228.9430	92277.0809	76520.0487	44652.2304	73890.9548	71966.9366	69430.2603	72116.4948	79020.4160	77600.7743	77727.2772	86518.5203	80491.0736	81610.7853	80734.5655	74593.3437	85147.6081	88340.7933
73298.1216	70259.3737	71486.3286	74351.2380	75693.5374	96970.1067	76216.0812	47551.1295	73844.9289	72899.5088	70673.4815	72614.2184	79426.8932	77502.0087	77952.9947	87335.1594	80909.2701	82099.7970	81061.4798	76133.9282	85269.7354	89605.2977
72686.8448	70843.1386	70863.8975	74254.6948	75754.3269	101564.1163	76131.8848	50033.8444	73354.9603	72874.7685	71403.8523	73285.8143	79590.9979	78263.4473	78085.8615	87922.4250	80889.7332	82065.6183	81071.1729	75876.2080	85445.1884	88880.1017
13841.9542	1979.5532	11116.0070	5631.2346	15310.6702	13083.5506	22517.8953	2792.5146	18767.8628	5793.9425	13270.9064	14744.2389	19522.2634	16200.2952	20304.9298	18750.4039	19356.8355	19639.2872	20801.1789	20174.0530	11533.9169	14631.1451
27914.8998	12804.4950	24014.1134	17166.4644	30186.0800	21958.3237	41277.5147	6040.4494	35955.5058	12492.4135	25243.1315	28582.7319	35408.7197	30498.1831	37580.4757	35495.8823	35771.0714	35945.8180	37338.0427	35130.3440	22546.8463	27557.1698
41048.8178	20291.5124	36841.8550	26431.0944	44289.8593	30011.8375	54451.3199	9213.0292	50860.6111	18959.5226	34679.4409	40137.8008	47477.4065	42099.9887	50684.9348	49405.1683	48646.2716	48447.9780	49786.2816	46731.0416	32744.1679	38508.8639
49249.3992	28053.5861	46512.8739	35357.4763	56249.2301	35703.2185	61689.4376	12351.4288	60207.8689	25420.3058	41943.3132	48417.0005	55338.9876	50566.7546	59437.4803	58355.1168	58290.8315	57903.6053	59167.2212	53764.8134	41949.0328	46085.7328
54937.2047	35279.4428	53799.5646	43677.9281	64711.9218	41091.2267	66497.6542	15472.6009	64663.6544	31743.9464	47524.8416	55129.8925	61424.1906	56318.2728	65303.0904	64987.1174	65863.1888	65367.3275	66414.1822	57569.9348	50414.0024	52803.9577
59151.7907	41755.4391	58401.8062	50833.8238	69766.5809	46401.7759	69767.6014	18594.2235	67651.9538	37874.9981	52002.1861	59471.1293	66968.7679	61345.5669	69832.0032	70137.3023	71008.8987	70610.5431	71323.5975	60929.4594	57648.8108	58872.5582
61926.1943	47441.5318	61550.5562	56928.9666	72308.1050	51027.1735	72495.0603	21715.8329	70698.6505	43601.6608	55636.8997	62988.1216	69786.4324	64681.6674	72311.5995	73901.7337	74514.2404	74198.6074	74355.2184	64038.0508	63746.0169	63206.1234
64193.0657	52417.2467	63918.9111	61955.0101	73409.5122	55746.8394	73491.0622	24754.0501	72355.0934	49091.6811	58690.1938	64983.9534	72656.9206	67313.6176	73921.3602	76688.0593	76484.9678	76391.3596	76069.0958	66369.7160	67534.4602	65936.6136
65605.9541	56458.0641	65886.9943	65826.5567	75037.1504	59554.2257	75015.2051	27876.2974	73004.3627	54183.4245	60745.0791	66993.0893	74859.5846	69714.4617	75362.7366	79554.9294	78141.5905	78380.5301	78134.4487	68272.8087	71948.0451	70545.3514
68227.0954	59523.6858	67319.9472	68654.1687	75520.4579	65310.2062	74713.8030	30956.6730	73405.3512	58813.1346	62662.4856	68419.7389	75850.0724	71635.6597	76058.1882	81496.6179	78938.6024	79527.6468	79387.1285	68685.2041	75303.5273	73585.9284
69144.8922	62284.2859	68640.9800	70439.9528	76413.7897	69567.7985	76029.0450	33992.4094	73404.9147	62728.1859	64216.1163	69711.3339	76416.4683	72677.9071	76286.4719	82856.9275	79322.2113	80160.4141	79932.7949	70293.5232	77656.0544	77222.9643
70680.5382	64482.4219	69574.3397	71607.0296	76706.3489	74163.4031	76040.4655	37029.0369	74968.4375	65956.2365	66212.0999	70504.0337	77313.2536	74265.1793	76787.3551	84043.0063	79714.3183	80658.1970	80087.4294	72672.0451	81232.9319	80533.4626
71533.6462	66198.7758	70313.2505	72531.5333	75877.5470	76871.0261	76202.9097	39971.0490	74810.0721	68613.5811	67285.4824	70877.3806	77831.1318	75582.1162	76989.5393	84859.0142	79974.9904	80989.5466	80331.2324	72259.6263	82017.6551	82723.6925
71589.4863	67831.5790	70963.4123	73316.9084	75860.6929	81345.5473	76658.1577	42886.1606	73488.3494	70842.0512	68195.0973	71365.0199	78008.1971	76040.2146	76890.9729	85437.2630	79666.6819	80954.5274	80782.8328	73061.5951	84143.0284	84919.4174
72505.1585	69021.0817	71252.4795	73848.7863	76276.5133	86783.5554	76338.2427	45697.6002	73418.1224	72085.0227	69189.5289	71726.8740	78173.4055	76354.8804	77500.8070	85982.9278	80307.3783	81425.9150	80589.3780	74812.7165	83550.0256	85136.9031
71904.5444	69973.1658	71494.4413	74164.9745	76027.6113	94191.7171	76411.3579	48319.6080	73739.7072	72693.3634	70066.9149	72486.8941	79303.8998	77649.3008	77785.4918	86432.9172	80533.0316	81679.7730	80632.5228	75408.6149	85201.1007	86782.2959
72200.8417	70309.8660	71368.9594	74361.8542	75684.2331	96327.9109	75971.4278	51414.6078	73455.6031	73298.3042	70831.8913	72646.5037	79077.9098	77567.6844	78052.5405	87056.5135	80692.5482	81864.9078	80909.7877	74932.0714	85570.6302	88355.6662
72405.6713	71106.4410	70799.5968	74303.9052	75718.3314	102916.7955	75900.2230	54020.1827	73767.0221	72944.5228	71260.5076	73207.5022	79288.6312	78090.5843	78147.1146	87989.5570	80859.9221	82047.1322	81090.3861	74736.3143	86544.2264	89879.7721
14482.2792	2139.1261	11687.0919	6088.6211	16557.0047	13521.2323	23588.9499	3013.7319	19281.7862	6245.2092	13820.7428	15381.1455	19886.8373	17069.9994	20772.8075	19052.3678	19784.6148	19980.5760	21211.5062	21503.8669	12057.2667	15013.5907
28655.8174	13565.0063	25080.4514	18238.3061	31951.8000	21722.7047	42100.9571	6514.9713	37486.2010	13371.7533	26040.2766	29259.7336	35634.0033	31307.6207	37972.7726	35684.4939	36034.9821	36031.4806	37330.5084	35228.2586	23227.1832	27516.9630
42012.1776	21505.6147	38365.2158	28115.8753	46937.5271	29454.2734	55512.6994	9958.4552	52476.0923	20380.4996	35889.4124	41660.4642	48084.2744	43495.2634	51449.6650	50004.6838	49519.9871	49299.3114	50704.2062	47283.1428	34306.5910	38912.2016
50153.4421	29686.8630	47629.2008	37510.3753	58240.8203	35561.1081	61510.7312	13327.2183	60645.8733	27260.8239	42794.8979	49348.4079	56076.0963	51240.3517	59695.3659	58368.3873	58354.3446	57901.8426	59286.5253	52855.4541	43176.6802	45725.7316
56437.5203	36104.4129	54675.0860	46150.5434	65984.2887	42326.8934	67020.7796	16707.9764	66632.5694	34023.1804	48928.4485	55701.8925	62632.9600	57413.7950	66383.4154	65560.0318	66734.5476	66228.8722	67164.2619	58595.3076	52392.1096	53465.3684
58836.1580	43580.5306	58660.2412	53235.6819	69134.4360	45530.5820	69740.9397	20074.2890	67876.2875	40517.4669	52748.9881	60026.2220	67146.1267	61490.8270	69701.3196	70101.8362	70786.5401	70436.7989	71210.3448	60660.7333	58711.6093	58710.1465
63197.0923	49534.8684	62153.6583	59413.7287	72850.0832	51571.6771	72718.4982	23426.3125	71361.0032	46503.7620	56927.3695	63492.4768	70682.7641	65372.0366	72524.0275	74459.3438	75086.5821	74821.5325	74906.0147	64862.4324	65087.0736	64182.1354
64053.8331	53983.4188	63898.2213	63323.1231	73615.1884	54643.8807	73387.2690	26721.1582	71978.0274	52022.5131	59284.7999	65320.2482	72785.4522	67379.2428	73775.3180	77007.0769	76583.8828	76698.6874	76306.0849	66245.4779	69563.4558	67508.2403
66840.1096	58132.6170	66288.2866	67372.9633	75152.6628	61162.6197	74846.9535	30101.9633	73586.3133	57254.4264	62116.4881	67786.7116	75337.8785	70159.8195	75755.4418	79941.1716	78532.7658	78823.5697	78531.4384	69230.6231	73242.7600	70917.3830
67821.7832	60730.8414	67238.4558	69269.5389	75873.8511	64146.2903	75293.7398	33320.1953	74068.9807	61402.7769	63638.1313	68816.4207	75744.8011	71380.4445	75946.5225	81471.7989	78738.1270	79359.8329	78871.0953	69845.1036	76620.9369	75400.8546
69774.9205	63520.4152	68878.9496	71145.4492	75599.9998	69307.6184	75981.9827	36670.0532	74044.6371	65341.3806	65451.4761	70002.0119	76920.4308	73426.0210	76591.0560	83131.6756	79633.5448	80564.9726	80359.8489	71186.0735	78311.9685	77866.2747
70481.5356	65170.0037	69383.9316	71812.4159	76130.7165	71459.8103	75769.5999	39810.1647	74377.9531	67984.4598	66506.2348	70720.4845	77325.7484	74336.3296	76821.6089	84244.6771	79605.1412	80513.4317	80248.5419	70747.1205	81289.9149	80303.9002
71490.2729	67281.9915	70604.9594	73103.0893	75958.1769	78805.1851	76591.4061	43030.4191	74938.9691	70396.1707	68230.5932	71421.2907	77999.8945	76084.0367	77278.0777	85159.2750	80183.0021	81231.8635	80399.2429	73364.5889	82819.4421	83513.5246
71275.3094	68201.8947	70829.6496	73448.5550	76059.5016	80889.3777	76881.9487	46055.0768	74446.7772	71828.4381	68807.4234	71720.7300	77511.2804	76035.6740	76944.3839	85266.8495	79615.8624	80920.7827	80496.4648	73198.3925	83936.8838	83355.7795
72519.1567	69670.4371	71432.9680	74170.8970	76249.4432	91782.5608	76282.7088	49165.5512	74277.8253	72826.6526	70242.6848	72320.0905	78671.5127	77065.9608	77672.9522	86033.2953	80492.0211	81619.9346	80949.4175	73132.7253	85538.2999	87484.9900
71966.4310	70119.7812	71365.9526	74169.9673	75604.8874	90275.4722	76405.7141	51840.9480	74022.0305	73140.2216	70404.9038	72115.3311	78961.2945	76861.4199	77728.8033	86633.9483	80490.8202	81673.7615	80979.1447	74958.0531	85439.2196	87907.8776
73331.5522	71004.1854	71454.7025	74539.3211	76160.2940	99986.0848	76138.2889	55135.1991	73677.6285	73612.9345	71685.7933	73534.3977	79625.5899	78569.5082	78248.7012	87403.4583	80891.0470	82035.9083	80989.7655	76242.8654	85964.8176	89474.9844
72732.4589	71076.0872	70631.1450	74241.4750	75608.3954	98899.2581	76101.1205	57784.4568	74031.8679	72843.2222	71509.4330	73514.0195	79290.2279	78201.3819	78092.2470	88048.5323	80855.1338	82105.1825	81196.2735	75033.8719	86383.0458	89091.1412
15143.9404	2306.9315	12451.1129	6547.2561	17581.5363	13511.9085	24512.7352	3244.3409	20744.2771	6700.6036	14350.8227	16024.0043	20328.3792	17792.3876	21149.1051	19217.8485	20158.7174	20369.2261	21674.4077	21273.4420	12642.5636	15534.9885
29346.1483	14401.5920	26041.3389	19326.8061	34008.2420	22394.5616	43712.1777	7016.2646	39712.2292	14354.1432	26916.1391	30384.2906	36486.4989	32586.6873	38288.5618	36294.3181	36607.2113	36754.2986	38027.9438	36257.2113	24586.0515	28915.1372
41925.8234	22819.6906	38904.3919	29816.8545	49443.7234	30220.1082	55817.9486	10697.4483	54262.4521	21811.0465	36813.9446	42306.9795	48378.5722	44069.9777	51869.3412	50145.8327	50046.6316	49893.4889	51164.8224	47682.1348	35586.5422	39690.2661
50825.8558	31167.4543	48938.0275	39680.6397	60187.8274	36238.8087	62397.2359	14302.7764	62177.1448	29010.7047	44033.8569	50547.4601	56899.8282	52226.8204	60708.0481	59453.0797	59593.5298	59231.2959	60383.0768	54144.1919	45269.6025	47968.5084
56390.9559	38563.4435	55011.2111	47596.3488	67210.0355	42526.7135	67672.6239	17946.6891	66993.0906	36027.8082	49393.9496	56874.7071	62694.4086	57963.4343	66436.8665	65486.3872	67034.3851	66533.9236	67466.7609	58404.6956	53762.6415	54516.0333
59474.9875	45594.4371	59406.3875	55473.9347	70563.8431	46842.4276	69962.7768	21567.0941	68275.0937	43011.9879	54094.1429	60882.6457	67516.0578	62209.3198	70341.8115	70704.6577	71741.0031	71340.7484	71975.6861	61987.3786	60830.2046	60192.9356
62440.8846	50995.3795	62181.6417	60395.7045	72146.6572	52259.9391	72064.4118	25139.7014	71338.1053	48914.3169	57351.2551	63992.9880	70393.5037	65302.6318	72685.7482	74284.1147	75053.7719	74885.6441	74755.2438	64981.1657	66150.2266	64086.1991
65008.1266	55717.0937	64435.6717	65182.5137	73474.1194	56587.9307	73574.0516	28670.9818	72056.2741	54827.5149	60243.7418	66122.0375	73373.1741	68008.3136	74324.9962	77594.2930	77203.9585	77339.3875	77252.3182	66706.6779	71366.9883	68774.6967
66180.1093	59140.8311	66176.2357	67790.3050	74411.9357	61349.0392	74781.2225	32228.2339	73396.3702	59565.8700	62414.4265	67800.5215	74537.6693	69923.6854	75527.2045	79322.2258	78383.7827	78717.1453	78358.2435	68275.5407	73363.8084	71256.5749
67696.1520	62099.7705	67673.2034	69958.2576	75512.7884	64667.5688	75737.1410	35796.8792	73276.5397	63883.7846	64205.8988	69480.9570	76121.6239	72275.0814	76145.9974	81873.8865	79116.0222	79803.8495	79562.6930	67282.6284	78203.7042	76208.3567
69546.6469	64264.5493	68686.1835	71438.6640	76010.5047	70845.4746	75327.2723	39242.0586	75044.3611	67059.9723	66028.8983	70442.8992	76764.2620	73254.0969	76506.7608	82913.1887	79423.8751	80311.4506	79823.1966	71159.9640	78385.9534	78452.1782
70253.5003	66249.5999	69722.2150	72432.3719	76371.0073	74362.1716	76029.3335	42710.6241	74705.6767	69704.4377	67401.3233	71136.2162	77431.7930	74748.2834	76888.0754	84384.3103	79747.4078	80781.6093	80202.2950	72201.9011	82142.7195	81694.8365
70300.8172	67524.1633	70294.4563	73144.5676	76450.1535	77746.6161	76509.5842	46020.9765	74533.9570	71320.3717	68142.8256	71940.1836	78045.3824	76054.0272	77198.0458	84932.7550	80115.6116	81207.6889	80509.6608	72990.7420	82379.6894	83639.5080
72204.7361	68849.1047	70940.0655	73701.0961	76338.7983	83660.9069	76318.1048	49298.1557	73930.0973	72793.9073	69394.5389	71917.2577	78138.5097	76648.8197	77020.7574	85342.0539	79727.1200	81066.6747	80656.8228	73372.1912	84821.7401	87139.5564
72144.3319	69744.3252	71182.9180	74153.0728	76430.7303	89579.2488	76505.8213	52526.0411	73909.5723	73284.5736	70215.4153	72366.6470	78768.0005	76753.0187	77756.9825	85989.8434	80358.9748	81520.0571	80716.8450	74205.9877	85541.0474	86987.3194
73016.3109	70579.4073	71430.5979	74305.3601	75898.2351	92004.8796	76261.0201	55348.4344	73615.5563	73585.2042	71061.7462	72937.9522	78986.1684	77615.6486	77895.4827	86503.0400	80535.7757	81697.3055	80989.8282	75266.4345	84960.9556	87380.5566
73170.3436	70812.3393	71076.0609	74449.2312	75744.1822	96732.8474	76283.3676	58705.5064	73473.1007	73810.1724	71369.6888	73522.2448	79337.2279	77948.1518	78232.0710	87271.7646	80801.1684	81981.9193	81156.2281	74861.5962	86188.0341	90027.0278
72278.5236	71335.4177	70798.4656	74350.2050	75823.1710	103937.1168	76103.3889	61424.3731	72891.0349	73059.3489	72097.9981	73692.2629	79551.5044	78457.0105	78153.5085	87922.0109	80849.7802	82044.1255	81006.3200	75728.3171	86806.4079	92190.6077
