135.7133	2900.6660	2892.8780	3263.7810	158.7863	0.7762	84.4711	2832.0820	118.6016	1549.6070	122.0312	1061.9680	127.1385	328.1389	232.0873	39.2120	256.8873	166.6563	78.3875	28.4062	139.6633	42.6500
69.1767	1523.5120	1460.0060	1932.8520	79.4937	0.4488	42.7004	1416.3300	59.3755	775.3991	62.2218	539.5446	63.3985	163.4869	116.8007	20.5312	130.1139	85.1427	40.8315	14.5319	70.2349	21.5179
49.0332	1021.6640	992.9419	1299.3730	52.9128	0.3108	28.3847	943.6875	39.7889	517.7288	42.6943	369.3765	42.4632	110.7115	79.1977	13.2857	87.0888	57.8391	27.9796	9.6702	46.2322	13.9060
33.3262	767.3241	669.2524	975.4725	39.9340	0.2362	21.5911	708.0422	29.6134	388.7724	32.7795	282.9221	32.5221	84.0928	60.1307	10.0114	65.8245	44.2544	21.6626	7.4236	34.4079	10.1493
27.7673	617.2953	528.9543	782.8096	31.7321	0.1529	17.5162	566.5772	23.7644	310.0755	27.4475	239.1545	28.1770	69.5031	49.7866	8.5450	53.7752	36.6557	18.2063	6.1679	27.3866	8.0162
24.4705	517.3155	454.1392	640.5325	26.5221	0.1298	15.3454	472.1776	19.8128	258.6973	24.0285	206.5372	24.6197	59.1162	42.5408	7.6584	46.1835	32.0303	16.0311	5.4617	22.9566	6.8000
22.3952	442.8353	400.6059	524.6565	22.7017	0.1158	13.9033	404.9679	17.1609	222.3060	21.7247	184.8904	23.1872	53.0041	38.9575	7.0554	40.8397	28.9226	14.7551	5.2068	19.8913	5.9587
21.2599	359.7036	365.5541	465.7003	19.9344	0.0977	13.1672	354.5358	15.2756	193.8733	20.0592	171.7027	21.9576	48.5692	36.6452	6.5795	37.3335	26.8259	13.8575	4.8643	17.3862	5.3188
20.0889	322.2682	340.9282	412.2389	17.8549	0.0889	12.7867	314.9101	13.9604	171.6095	18.7751	161.4202	20.8724	45.0027	34.9999	6.2528	35.1983	25.5164	13.2707	4.6788	15.6112	4.8292
19.3261	292.1901	323.1023	373.3954	16.2443	0.0788	12.4914	283.8032	13.2903	152.3384	17.7179	152.2538	20.1539	43.0453	34.1517	5.9672	33.9984	24.6846	12.8764	4.5666	14.1642	4.4173
18.5644	268.5387	309.0199	343.2033	15.0396	0.0711	12.5331	258.7194	12.8562	139.1669	16.8908	146.9817	19.8424	41.3075	33.7762	5.8037	33.2591	24.0940	12.6066	4.3959	13.0244	4.1015
18.1831	247.5423	297.0537	320.2545	14.2977	0.0648	12.4797	237.2190	12.8107	127.7458	16.2532	140.4046	19.1200	40.2785	33.3989	5.6383	32.8050	23.6390	12.3507	4.2854	12.0697	3.8278
17.6769	230.9189	286.3928	294.9350	13.8532	0.0602	12.3499	219.2701	12.7193	118.1900	15.6726	135.4461	19.0570	39.1243	33.2932	5.5375	32.3030	23.2158	12.1210	4.1200	11.2577	3.6326
17.2567	217.2024	278.1446	277.4960	13.8311	0.0543	12.3235	203.8364	12.5474	110.2036	15.0574	132.5591	18.5792	39.0056	33.0893	5.4764	32.0588	22.8722	11.9472	4.0483	10.6442	3.4725
16.9653	205.3716	270.7140	264.0717	13.6943	0.0472	12.1713	190.2039	12.4838	103.1785	14.6112	127.4985	17.9786	38.2216	32.4881	5.3891	31.5557	22.4027	11.7202	3.9336	10.0506	3.3014
16.6977	195.2489	264.4849	250.1908	13.6174	0.0472	12.1983	178.4091	12.5087	97.3396	14.2563	124.8932	17.8300	37.1455	32.1088	5.3379	31.1626	21.9297	11.4384	3.8535	9.5914	3.1688
16.4930	187.3665	259.3320	240.5222	13.6118	0.0434	12.1120	167.9432	12.4759	91.9424	13.8950	123.0100	17.2499	36.7739	32.0316	5.2614	30.8280	21.5582	11.2571	3.8021	9.2468	3.0456
16.1068	180.4283	254.0830	233.8617	13.6627	0.0401	12.3202	158.8697	12.4503	87.2319	13.5969	120.9180	17.1525	36.2992	31.8709	5.1571	30.5073	21.1431	11.0261	3.6739	8.9477	2.9544
128.8532	2420.5020	2556.2510	2726.7180	134.3254	0.8679	73.1611	2374.4710	100.1150	1311.1640	111.8361	967.2913	132.1270	288.7257	202.7079	38.7645	225.1263	149.8836	73.4350	25.5982	125.6510	41.6119
60.0494	1314.5600	1261.5980	1671.3690	66.5175	0.4190	36.5045	1186.6160	49.8289	656.2108	54.7256	469.5402	55.6020	140.7605	99.5074	18.3976	111.8026	74.7495	36.8727	12.5822	60.1384	19.1083
39.8397	883.5423	888.8708	1115.0300	44.6979	0.3096	24.4927	791.1611	33.5775	438.5734	38.3306	320.5232	37.5908	94.6750	67.9360	11.9467	75.2525	51.3121	25.4397	8.5752	39.6870	12.4368
29.8036	665.9641	570.2236	843.2656	33.2208	0.1967	18.7466	592.7465	24.9019	328.2165	29.1114	250.9032	30.0350	72.5367	52.4695	9.4191	57.7575	40.1740	20.1785	6.6942	29.2825	9.0020
25.4257	534.5768	469.8474	655.5044	26.5687	0.1440	15.7277	474.7280	20.0110	262.6622	25.3502	213.8303	26.3598	61.3437	44.0929	8.1690	47.8801	33.8528	17.1955	5.8045	23.6509	7.3272
22.7946	449.6381	405.9977	517.4216	22.3056	0.1298	14.2730	395.3693	16.8123	217.9901	21.9294	187.1106	23.3458	52.7007	39.1579	7.3919	41.8660	30.1175	15.4027	5.2895	19.8887	6.2274
21.2617	350.7611	366.4795	457.2104	19.2477	0.1104	13.4942	339.4467	14.9296	186.4115	20.1702	171.5840	22.3670	48.4716	36.8200	6.8476	37.8812	27.5752	14.2768	4.9593	17.2731	5.4798
20.1749	308.8673	340.9942	393.9921	16.9430	0.0971	12.9447	296.8330	13.8817	160.4831	18.5597	159.0164	21.2498	45.2821	35.2739	6.4374	35.5802	26.0588	13.5717	4.7671	15.1986	4.9867
19.5201	277.9114	321.1490	354.1900	15.4048	0.0874	12.7461	264.3261	13.2940	142.2498	17.5845	149.1695	20.2925	42.7540	33.9693	6.1137	34.0368	24.8792	13.0333	4.6468	13.7588	4.4846
18.6291	252.6181	306.3636	321.8421	14.5194	0.0790	12.4439	237.5634	12.9057	128.1910	16.5235	141.9872	19.7518	40.8279	33.0856	5.8889	33.2357	24.2160	12.7444	4.4530	12.4592	4.1676
18.1537	232.7629	294.0605	296.2034	14.1873	0.0713	12.3456	216.4023	12.8131	117.0686	15.9142	137.2635	19.1860	39.5628	32.9620	5.7249	32.5849	23.6229	12.4404	4.3452	11.5710	3.8674
17.7437	215.9582	283.4226	275.2953	13.8823	0.0638	12.3783	198.2016	12.7612	107.9023	15.2609	131.9080	18.8659	38.4102	32.4340	5.5805	32.1233	23.1939	12.1540	4.1612	10.7656	3.6545
17.1992	202.6970	275.0222	259.2017	13.7229	0.0570	12.1948	183.0955	12.6174	99.9034	14.7729	128.4222	18.4902	37.5817	32.2548	5.4862	31.7446	22.7980	11.9506	4.0268	10.1875	3.4481
16.8170	192.8761	267.4197	246.5857	13.8143	0.0542	12.2068	170.3701	12.4318	93.2878	14.2155	124.1866	17.8653	36.5427	32.0811	5.4251	31.6162	22.5137	11.8122	4.1043	9.6220	3.2678
16.6705	183.9353	262.0955	236.4722	13.6640	0.0507	12.2284	159.1517	12.5265	87.6412	13.8701	122.8127	17.9166	36.7338	31.7324	5.3726	31.1186	22.0251	11.5450	3.8483	9.2437	3.1933
16.4750	175.6927	256.2188	228.0890	13.7348	0.0457	12.2916	148.1421	12.4235	82.9547	13.4981	120.0044	17.2769	35.9416	31.6037	5.2950	30.7552	21.6073	11.3232	3.7959	8.8218	3.0413
16.1567	169.5391	251.2806	223.2637	13.6365	0.0434	12.2380	139.6028	12.4508	78.5810	13.2362	117.4997	17.0725	35.8416	31.5285	5.2213	30.4286	21.2202	11.1286	3.7671	8.6681	2.9616
16.0029	164.3399	245.9594	218.2178	13.7599	0.0375	12.1329	131.3555	12.3056	74.8315	12.9828	114.0456	16.8767	35.1063	31.2710	5.1293	30.1283	20.8012	10.8803	3.7644	8.2686	2.8620
101.2012	2074.9550	2184.4860	2341.8020	113.8266	0.6562	62.1172	2044.7820	85.3754	1139.7660	92.5404	800.6027	96.8979	243.5251	170.4650	31.9789	192.5493	129.3293	62.8682	21.5825	104.2724	33.3477
53.0438	1163.4790	1110.7090	1463.8380	57.0339	0.3619	31.7562	1022.8540	43.1394	570.8487	48.5142	412.2622	49.2995	123.3569	87.6813	16.7820	98.5368	67.0176	33.2120	11.1325	52.2031	16.7660
34.2860	778.9346	779.0144	983.7022	37.8918	0.2302	21.5208	681.5050	28.6506	379.8322	34.2823	288.1356	35.0727	84.8949	59.9335	11.1795	66.9795	46.8002	23.6271	7.7926	34.6535	11.1270
27.3861	589.2078	510.7141	729.6609	28.5426	0.1727	16.8756	511.6448	21.5616	285.7192	26.7309	226.9214	28.2798	65.3995	47.0262	9.0201	52.3597	37.3573	19.0812	6.2544	25.8406	8.1414
23.7711	476.5422	426.0818	541.3373	22.9457	0.1420	14.7537	409.2613	17.5444	229.3379	22.9446	195.5020	25.1485	55.1379	40.9151	7.8893	43.9711	31.9053	16.4062	5.5335	20.8962	6.6645
21.8800	355.2251	374.8100	454.1302	19.2252	0.1209	13.7402	341.1763	15.3266	188.5249	20.5005	173.2559	22.7995	49.3884	36.9856	7.1680	39.2087	28.6634	14.8566	5.1422	17.5852	5.7274
20.3996	307.9028	342.7449	393.1402	16.8337	0.1047	13.1470	292.3610	13.9598	157.4228	18.7343	159.0908	21.6639	45.2983	35.3544	6.6709	36.1723	26.5578	13.8591	4.7909	15.3300	5.0871
19.8274	272.5831	322.1835	347.9377	15.2874	0.0929	12.9414	255.9530	13.4029	138.0212	17.4855	147.8506	20.4676	42.9669	34.2054	6.2763	34.3683	25.1702	13.2351	4.6124	13.6066	4.5836
18.8605	245.9430	305.6930	313.0246	14.3486	0.0820	12.4897	227.5930	13.1131	123.1130	16.5694	141.4389	19.8640	40.9447	33.3432	6.0046	33.2814	24.3115	12.7714	4.5677	12.2807	4.2242
18.3462	225.0253	293.5841	286.2817	14.0991	0.0732	12.4658	205.0328	12.9119	111.2975	15.7988	134.8097	19.2310	39.4118	32.7053	5.8143	32.6489	23.7517	12.5274	4.3386	11.2986	3.8703
17.6719	208.5313	283.4049	265.4243	13.9537	0.0657	12.2981	186.4805	21.4794	101.8748	15.0702	130.2264	18.8463	38.3102	32.5613	5.6606	32.1804	23.2773	12.2964	4.1565	10.5052	3.6652
17.2909	195.1864	274.4072	248.9446	13.8246	0.0616	12.1857	171.2343	12.5132	94.0186	14.5194	126.1926	18.3922	37.0232	32.0547	5.5271	31.7626	22.8778	12.0724	4.0320	9.9195	3.4569
16.9921	184.6549	266.7789	236.3284	13.7125	0.0563	12.1974	158.1477	12.5753	87.3297	14.1200	123.5621	18.1027	36.4907	31.9224	5.4644	31.4305	22.5171	11.8249	4.0102	9.3652	3.3040
16.5715	176.3159	260.8141	229.5871	13.5659	0.0514	12.1358	146.8291	12.4970	81.8270	13.6842	120.6429	17.8157	35.9771	31.7278	5.4205	31.2996	22.2206	11.6461	3.8909	8.9996	3.1604
16.4193	169.4031	255.7203	221.3911	13.5857	0.0464	12.2627	135.4784	12.3566	77.0937	13.3096	118.0076	17.8050	35.4706	31.3257	5.3885	30.8500	21.7698	11.4702	3.8378	8.6781	3.0220
16.2014	163.1606	251.1283	216.2338	13.7222	0.0439	12.1302	127.2597	12.4245	73.2791	13.0290	115.3361	17.1293	35.2127	31.2045	5.2968	30.4678	21.3293	11.2331	3.6307	8.2913	2.9537
16.0241	157.7380	246.0522	211.0712	13.8286	0.0394	12.1754	119.5938	12.4505	69.7406	12.7513	112.4821	16.9624	34.7388	30.9866	5.2184	30.1501	20.9437	10.9903	3.6773	8.0858	2.8426
15.7780	153.2492	244.1723	205.5679	13.7889	0.0377	12.1896	113.2826	12.4999	66.7123	12.5706	111.9687	16.7198	34.3481	30.9616	5.1268	29.9197	20.5912	10.7926	3.6109	7.8989	2.7823
91.3077	1827.9940	1967.7280	2051.8880	99.8443	0.6029	55.4873	1802.9250	75.5847	1015.1830	85.1671	737.0583	90.7340	221.9948	154.0589	30.3029	175.0376	120.3505	59.4862	19.8618	93.7803	30.5762
47.6143	1082.0320	998.7780	1295.5290	50.0210	0.3484	28.4383	899.9306	38.2697	507.6070	44.2401	375.8695	45.5556	111.3641	78.4929	15.7326	89.2765	62.1806	31.0533	10.2755	46.7473	15.3673
31.7887	707.7594	617.0254	874.3841	33.3933	0.2300	20.0795	601.1902	25.3517	338.4799	31.8751	265.6249	33.5344	77.8414	55.3101	10.8356	62.3329	44.8103	22.8948	7.4535	31.3959	10.3885
25.9593	536.0588	471.6030	646.2650	25.0648	0.1683	16.0217	449.7592	19.2369	253.7448	24.9494	212.5450	27.3889	60.6083	44.3810	8.7645	48.9583	35.6369	18.3077	6.0258	23.3976	7.6616
22.9273	432.5398	400.8136	483.1085	20.2131	0.1425	14.4824	360.7111	42.7388	204.7812	21.7516	183.0722	24.4447	52.1919	39.7833	7.7848	42.3795	31.2165	16.1611	5.4783	19.1634	6.4223
20.9999	320.6628	355.3458	406.5025	17.2377	0.1185	13.5535	299.8987	14.3158	165.5635	19.3844	163.4555	22.1988	46.7561	36.3075	7.0440	37.8793	27.9074	14.5164	5.0886	16.0941	5.4507
20.2918	279.5952	331.9602	354.4582	15.5829	0.1056	13.0576	257.7534	13.9478	139.3330	18.0060	152.4646	21.1704	44.5394	35.1389	6.6214	35.7305	26.3432	13.7843	4.8875	14.1999	4.9698
19.2233	247.3456	311.3817	312.9987	14.5462	0.0874	12.7161	225.3387	13.2382	122.0295	16.7312	142.3926	20.4390	42.0150	33.8980	6.2297	33.8256	24.7901	13.0615	4.6859	12.5045	4.3974
18.7942	224.6023	299.1526	285.1267	14.1766	0.0811	12.6608	200.7040	13.0563	109.5069	15.9575	136.8774	19.5250	40.2724	32.8537	5.9972	33.1563	24.2291	12.8148	4.4413	11.5396	4.0538
18.0125	206.6587	285.9077	262.3115	14.0232	0.0720	12.3483	180.8698	12.8187	99.2583	15.2017	130.9846	18.9432	38.4315	32.4020	5.7748	32.3102	23.5046	12.3465	4.2549	10.5573	3.7454
17.5394	193.5536	278.3334	247.2941	13.7563	0.0658	12.3493	164.2391	12.6611	91.0228	14.5817	126.4712	18.7176	37.3345	32.3235	5.6638	32.0900	23.2190	12.2676	4.1985	10.0295	3.6097
17.2291	181.6339	268.7990	233.1742	13.6744	0.0593	12.3086	149.9817	12.5846	84.0408	14.0761	122.6858	18.3711	36.7829	31.7648	5.5314	31.5343	22.6998	11.9773	3.9639	9.4319	3.3537
16.7614	173.8605	263.3993	225.1411	13.7339	0.0568	12.2534	136.9301	12.3236	78.5624	13.6692	120.6817	17.9692	35.9470	31.6641	5.4748	31.3986	22.4754	11.8424	3.9432	8.9858	3.2281
16.5605	166.1065	256.7631	219.7954	13.5749	0.0492	12.1835	127.0102	12.3475	73.5365	13.2428	118.3140	17.6031	35.4173	31.4767	5.4242	31.1139	22.0339	11.6059	3.8219	8.6503	3.0902
16.2233	160.4192	253.1561	214.8976	13.7479	0.0471	12.1479	118.9266	12.3593	69.9375	12.9445	116.3121	17.4958	35.5403	31.1665	5.3825	30.7360	21.6586	11.4204	3.7745	8.4775	2.9855
15.9939	154.5952	248.0563	208.1015	13.7363	0.0435	12.1879	111.7884	12.3581	66.7176	12.5988	112.6051	16.9227	34.8336	31.0361	5.2955	30.3130	21.1917	11.1871	3.6173	8.1331	2.8643
15.8267	150.3067	243.3828	204.1117	13.7401	0.0411	12.2642	105.2079	12.4325	64.0369	12.4516	111.1039	16.7761	34.4913	30.8428	5.2225	30.1257	20.9193	11.0359	3.6304	7.9266	2.8063
15.5791	145.9911	237.5989	197.8931	13.7420	0.0366	12.2195	99.6313	12.4455	61.4692	12.2201	109.4735	16.6263	34.0546	30.8134	5.1289	29.7598	20.4446	10.7279	3.5062	7.6991	2.6995
94.8731	1638.8790	2013.6060	1880.2980	91.9527	0.6595	50.7055	1604.0150	67.7530	910.9718	83.9408	690.3670	93.6412	207.3392	147.3157	31.0334	162.7887	112.5967	56.1743	18.4669	89.7191	31.1044
49.7961	959.8262	1030.3490	1199.2840	46.2723	0.3677	26.1493	802.7139	34.6535	456.7386	44.5335	353.3294	45.1529	104.1608	74.3235	15.5647	84.1531	59.6477	30.3197	9.5602	44.0567	15.1837
30.0621	646.4467	565.4323	826.7976	30.5484	0.2143	19.1772	535.5130	22.7513	304.2590	29.6700	248.0051	31.9198	71.4327	51.9025	10.3442	58.0733	42.2699	21.7128	6.9860	28.3413	9.4213
24.9987	490.3599	440.8116	540.1429	23.1096	0.1627	15.4824	401.5342	17.6705	229.5481	23.7292	201.2767	26.6974	57.5594	42.5406	8.5398	46.6374	34.3006	17.7722	5.9671	21.5942	7.2694
22.2905	344.3316	376.3133	436.3608	18.8939	0.1343	14.1598	321.1918	15.1933	180.7822	20.6997	173.9763	23.9657	50.1760	38.0251	7.5591	40.3165	29.8048	15.5172	5.3165	17.5678	6.0532
20.7733	291.6360	340.7518	369.2240	16.3436	0.1154	13.4761	267.5189	14.1662	145.0599	18.6734	156.1901	21.7077	45.5019	35.5235	6.9230	36.8173	27.2178	14.2192	5.0202	14.9804	5.2416
19.9167	254.8328	319.0476	321.9394	14.9398	0.1012	13.0316	229.4991	13.5962	124.9165	17.2578	145.5859	20.7463	42.9112	34.2484	6.5128	34.7210	25.5948	13.5009	4.7231	13.1170	4.7064
18.9772	227.3463	302.0570	288.0401	14.3461	0.0896	12.6514	200.9055	13.1574	110.1261	16.2096	138.9235	20.1556	41.0296	33.2191	6.1808	33.3196	24.4263	12.9171	4.5571	11.8523	4.2565
18.4474	207.2798	290.6171	267.8892	14.0428	0.0794	12.5470	178.7000	13.0681	98.7543	15.4111	132.1011	19.2617	38.8684	32.5123	5.9147	32.5291	23.7356	12.5399	4.3395	10.7352	3.8659
17.8388	193.1267	279.8584	248.9672	13.8559	0.0718	12.3716	160.4468	12.8971	89.7417	14.7677	126.7989	18.7845	37.7334	32.0934	5.7604	32.0304	23.2726	12.2928	4.2093	10.0973	3.6602
17.4484	181.2744	272.5893	233.6225	13.6630	0.0650	12.2104	145.5746	12.5912	82.6240	14.1705	123.6514	18.5177	36.6609	31.9223	5.6013	31.6632	22.9078	12.1214	4.0792	9.4280	3.4108
17.1483	171.8489	265.3704	222.6179	13.6085	0.0594	12.2188	131.8099	12.3259	76.6326	13.7373	120.1979	18.1862	35.7463	31.5706	5.5113	31.3604	22.5535	11.9088	4.0621	8.9680	3.2210
16.7449	167.5082	259.5234	216.6969	13.7808	0.0550	12.2606	121.8667	12.2689	71.9307	13.3072	117.7443	17.7753	35.0920	31.3666	5.4553	31.0373	22.1920	11.7296	3.8574	8.6225	3.1188
16.2894	158.1664	254.4259	211.8418	13.6669	0.0506	12.1462	113.2642	12.3132	67.7071	12.9592	114.9993	17.4422	34.5858	31.2342	5.4193	30.9780	21.9230	11.5682	3.7318	8.3679	3.0142
16.1296	152.9573	250.3634	207.4322	13.7480	0.0455	12.1356	105.9563	12.3908	64.7436	12.6220	113.2243	17.1884	34.4763	30.9800	5.3778	30.5369	21.4839	11.3349	3.7390	8.0720	2.9083
16.1026	148.5523	246.0039	201.9279	13.5908	0.0420	12.1753	99.8701	12.4475	62.1562	12.4346	110.5426	16.9622	33.9726	30.7581	5.3201	30.2459	21.1220	11.1348	3.6379	7.8406	2.8021
15.7104	144.8508	241.5125	197.6330	13.7080	0.0388	12.2128	93.8547	12.3918	59.8642	12.1609	109.0408	16.6582	33.9013	30.7853	5.2331	29.9892	20.7870	10.9566	3.5154	7.6157	2.6530
15.6395	141.6439	236.7967	194.4275	13.6965	0.0373	12.2272	89.0245	12.5643	58.0101	12.0900	106.9957	16.4915	33.4678	30.6488	5.1364	29.7071	20.3790	10.7021	3.5427	7.4191	2.6484
80.4713	1475.2460	1596.1090	1660.5110	81.8264	0.5368	47.3926	1457.6150	62.0271	835.2090	74.5255	634.3727	80.8998	188.0121	131.3405	27.8686	149.9318	106.8156	53.3702	16.9293	78.4582	26.5776
41.0333	892.0469	835.4571	1046.9990	41.0383	0.3021	24.8764	726.1685	31.8848	417.7143	39.0444	330.2719	42.0524	95.8586	68.7115	14.5022	78.2240	56.6532	28.9124	9.1677	39.4650	13.4946
28.6999	605.6775	523.6251	709.4947	27.5709	0.2094	17.9408	485.1708	20.9958	278.7978	28.1684	235.6930	31.4141	68.2891	49.8320	10.2269	56.0999	41.3663	21.3627	6.8233	26.4087	9.0388
24.2939	458.3070	419.4485	495.6547	21.1242	0.1631	15.3303	363.0031	16.7419	207.2386	22.7541	192.0032	26.1685	55.3943	41.9305	8.5129	45.8187	33.9680	17.6565	5.7644	20.2388	7.0881
21.7698	319.0799	363.4606	401.6278	17.5103	0.1340	14.2057	291.4507	14.8714	162.2003	19.9217	168.5341	23.7142	48.8981	38.0029	7.5394	39.9755	29.6415	15.4551	5.2551	16.6006	5.8928
20.5365	278.9687	331.9897	341.7879	15.5393	0.1135	13.2967	242.0355	14.1027	131.9192	18.0073	152.3489	21.6513	44.9700	35.2546	6.8848	36.6798	27.1374	14.1692	4.9169	14.1397	5.1302
19.4856	237.7572	313.1436	300.8522	14.6579	0.0989	12.8685	208.4131	13.3840	113.9388	16.6473	142.3559	20.8380	42.3825	34.0675	6.4846	34.6023	25.5095	13.4786	4.6885	12.5153	4.6024
18.9511	219.0171	296.8594	270.6445	14.2535	0.0870	12.6925	180.9566	13.1828	100.7520	15.7027	135.6230	19.8320	40.4464	33.1816	6.1801	33.4809	24.6118	12.9864	4.4478	11.3572	4.3138
18.1425	195.7347	286.8594	250.3953	14.2487	0.0770	12.5101	161.6995	12.8657	90.5173	14.9773	129.2649	19.0532	38.3090	32.3608	5.9166	32.5187	23.7278	12.5666	4.3036	10.3168	3.8532
17.7877	183.0153	276.8196	235.2618	13.6913	0.0700	12.2952	144.2410	12.8146	82.4501	14.4061	125.1106	18.8872	37.5477	32.0316	5.7551	32.0321	23.3039	12.3100	4.1886	9.7521	3.6531
17.1672	173.2042	269.4661	225.7083	13.6509	0.0621	12.2272	129.8292	12.4144	76.2160	13.8675	121.5770	18.4465	36.3826	31.7549	5.6184	31.6691	22.8810	12.1244	4.0350	9.1789	3.3934
16.8381	164.8543	262.9267	216.7477	13.6655	0.0571	12.2544	119.3526	12.2544	71.1977	13.3999	119.0833	18.1771	35.5279	31.5277	5.5223	31.2887	22.5147	11.9257	3.8899	8.7955	3.2228
16.6349	158.0799	257.2764	211.7384	13.7227	0.0528	12.2565	110.2298	12.2552	67.0934	13.0389	116.4686	17.8190	35.1214	31.2189	5.4688	31.0547	22.1753	11.7490	3.8142	8.5039	3.0823
16.2722	152.7551	252.8732	206.9596	13.5937	0.0486	12.1616	102.6331	12.3122	63.5994	12.6667	113.4031	17.5360	34.6997	31.2532	5.4283	30.9294	21.8817	11.5735	3.6928	8.1412	2.9848
16.2061	148.1612	248.6736	202.2998	13.6826	0.0448	12.1697	96.0172	12.3890	61.1580	12.4118	111.2503	17.0820	34.1718	30.8126	5.3757	30.5178	21.4502	11.3459	3.6141	7.9380	2.8889
16.1300	144.6593	245.2978	198.2310	13.6262	0.0420	12.1354	90.4181	12.4350	59.1537	12.2269	109.8488	16.9821	34.0950	30.7283	5.3073	30.1563	21.0235	11.1262	3.6467	7.7221	2.8061
15.6817	141.4426	240.6065	194.7229	13.6419	0.0379	12.3238	85.0078	12.4646	57.1749	12.0308	107.5456	16.6034	33.7165	30.6416	5.2194	29.9126	20.6993	10.9188	3.5979	7.5748	2.7248
15.6971	138.6179	236.5762	192.3319	13.8184	0.0364	12.2058	80.7235	12.5212	55.8034	11.8846	105.9663	16.5237	33.5578	30.6519	5.1283	29.6741	20.3461	10.7809	3.4764	7.3380	2.5997
76.3211	1341.9690	1465.8960	1493.3700	74.7472	0.5057	44.1979	1326.3940	57.2474	757.3982	70.1403	600.0337	78.4061	176.5892	124.0313	27.1619	142.4786	102.8077	51.3928	16.0188	73.0194	25.2626
39.2745	838.4009	780.5427	971.5688	37.7125	0.2953	23.6782	663.6842	29.9329	380.1057	37.3259	317.1557	41.5062	92.2982	66.6696	14.2919	75.9697	55.6551	28.3742	9.0316	36.9502	12.9071
27.7425	566.6183	494.2665	653.2773	25.3733	0.2070	17.4152	442.2165	19.5125	253.6872	26.9321	226.4224	30.7697	65.4916	48.6191	10.0445	54.5314	40.4233	20.9789	6.7759	24.9263	8.7265
23.6975	431.1403	403.1165	461.7900	19.6267	0.1589	15.3205	332.1443	16.0368	190.0039	22.0854	187.2088	26.0952	53.9438	41.6044	8.4543	45.3855	33.7715	17.6081	5.7842	19.2603	6.9270
21.5230	297.2971	351.9668	374.7038	16.6062	0.1328	13.9385	265.8776	14.4933	145.1916	19.2398	163.6315	23.5756	47.9991	37.3756	7.4473	39.3624	29.2218	15.3086	5.2261	15.6887	5.7503
20.2164	253.7864	326.6161	321.4650	15.3220	0.1136	13.3986	221.4103	13.9257	121.3561	17.5257	149.2867	21.6507	44.4350	35.2600	6.8768	36.6184	27.1252	14.2169	4.9920	13.7081	5.0830
19.4116	223.5307	307.5478	284.1377	14.4607	0.0973	13.0294	189.3131	13.5776	105.1626	16.3196	140.5633	20.6713	41.9547	33.8856	6.4467	34.3069	25.2741	13.3017	4.6483	11.9462	4.5178
18.7338	202.2987	294.6346	258.8056	14.1299	0.0884	12.6878	164.9950	13.1753	93.2792	15.4035	133.5681	19.8858	40.4462	33.0584	6.2022	33.5082	24.6341	12.9522	4.5023	11.1051	4.2534
18.1587	186.5232	283.3876	239.9661	14.0777	0.0771	12.6285	146.9157	12.7966	83.9629	14.6115	127.4941	19.2682	38.3969	32.2747	5.9066	32.3708	23.6040	12.5216	4.1966	9.9733	3.7618
17.5267	175.9045	275.4002	226.8963	13.8410	0.0703	12.3367	130.1325	12.5276	76.8704	14.1165	123.8033	18.7702	37.3889	31.9974	5.7704	32.0779	23.3161	12.3064	4.1458	9.6327	3.6442
17.1004	166.6721	267.1268	217.3900	13.7058	0.0631	12.2199	118.4345	12.2714	71.3519	13.5332	119.8464	18.3939	35.8757	31.7935	5.6115	31.5702	22.7792	12.0680	4.1434	8.9437	3.3152
16.9282	160.1064	261.7671	212.6868	13.6954	0.0586	12.2865	108.7839	12.4217	67.1529	13.2774	117.7440	18.1728	35.4320	31.5227	5.5321	31.3317	22.5306	11.8747	3.8954	8.6639	3.2465
16.5074	153.4222	255.9923	207.5878	13.5244	0.0520	12.2643	100.5547	12.2419	63.5742	12.8056	114.6767	17.7172	34.8950	31.2532	5.4703	30.9833	22.0902	11.7071	3.8512	8.3808	3.0517
16.4375	148.9553	252.0139	203.6404	13.6447	0.0485	12.2022	93.7318	12.3310	60.7908	12.5481	112.6994	17.4813	34.3997	31.1667	5.4403	30.9401	21.8730	11.5764	3.6623	8.1617	2.9833
16.2561	144.8128	248.0126	199.1588	13.6261	0.0457	12.1896	87.6302	12.4531	58.7202	12.2699	110.1872	17.0603	34.1701	30.7968	5.3937	30.4582	21.3770	11.3125	3.6415	7.8872	2.8304
15.8819	141.7735	244.5645	196.3838	13.6365	0.0419	12.2039	82.7465	12.4343	57.0169	12.1185	108.3014	16.8653	33.4940	30.7209	5.3227	30.2285	21.0657	11.1573	3.6004	7.6873	2.7425
15.6721	138.6885	240.0213	192.9595	13.7375	0.0393	12.2537	77.7815	12.4416	55.2843	11.8653	106.5953	16.6770	33.4954	30.6793	5.2362	29.8556	20.6322	10.9328	3.4733	7.5341	2.6679
15.5944	136.0362	235.2748	190.7474	13.7278	0.0372	12.2704	73.8403	12.5223	54.0931	11.7483	104.5845	16.5299	33.2331	30.6095	5.1533	29.7081	20.3501	10.7465	3.4297	7.3870	2.6562
71.7874	1212.9210	1348.6340	1358.5900	68.8046	0.4971	42.0425	1186.0780	49.7770	657.8710	66.6830	565.0404	73.0328	165.6180	119.3161	26.7447	136.8514	99.3301	49.3783	15.3406	66.6380	22.3667
37.9192	672.9312	694.5189	846.6126	34.9054	0.2818	22.9211	593.5402	25.9368	331.2693	35.4279	304.1344	40.5067	88.1679	65.1435	14.0522	73.9907	54.4392	27.8601	8.7921	34.3042	11.8110
27.3009	453.0968	480.5938	569.1506	23.7575	0.1991	17.3244	396.1810	18.2929	222.4960	25.9284	219.7910	30.3610	63.8994	48.4700	9.9895	54.1435	40.2242	20.8871	6.6254	23.6746	8.2522
23.6575	343.6440	393.6753	431.7248	18.6586	0.1597	15.2337	297.6371	15.4034	167.4236	21.4131	182.5375	26.0527	53.2456	41.3450	8.3805	44.8564	33.3826	17.4212	5.7462	18.4507	6.7078
21.6500	280.5255	346.5290	352.4408	16.1611	0.1328	14.0993	238.4469	14.3019	134.5805	18.8478	159.4033	23.5027	47.7238	37.6153	7.4454	39.4248	29.3025	15.3213	5.3285	15.1914	5.6561
20.3197	240.2197	321.2883	304.0215	14.9563	0.1124	13.4197	198.8408	13.6430	113.0576	17.1514	146.5791	21.4766	43.6878	35.1028	6.8492	36.3687	26.9245	14.1113	4.9853	13.1248	4.9293
19.4375	213.1056	305.1719	271.7833	14.4137	0.0966	12.9042	170.4895	13.0370	98.2323	15.9678	137.2937	20.6144	41.3309	33.8541	6.4615	34.4831	25.4585	13.4203	4.6783	11.7052	4.4856
18.7507	193.7131	292.3722	249.0302	14.1868	0.0855	12.7230	149.5932	12.7262	87.2287	15.0600	131.7261	19.7059	39.5672	33.0505	6.1966	33.4236	24.5766	13.0171	4.4656	10.8875	4.2162
18.2779	180.0233	281.8969	233.2074	13.8710	0.0768	12.4585	132.9983	12.6022	78.9491	14.4554	126.5398	19.0479	37.9960	32.3483	5.9356	32.5318	23.7832	12.5732	4.2825	10.0547	3.8509
17.5365	170.2601	273.4680	221.7867	13.7788	0.0678	12.5095	119.8065	12.5273	72.5199	13.9204	122.5609	18.7374	36.8100	31.9552	5.7667	32.0271	23.2684	12.2815	4.1746	9.4622	3.6200
17.2279	161.8917	266.1740	214.5353	13.6141	0.0615	12.2905	109.1029	12.5234	67.7008	13.4705	118.7883	18.5052	36.1902	31.7834	5.6517	31.6809	22.8924	12.0929	4.0524	9.0555	3.3952
16.7671	155.7645	260.4447	209.6133	13.5591	0.0565	12.2867	100.1609	12.2582	64.0188	13.0041	115.9811	18.0883	35.2060	31.4674	5.5431	31.3157	22.5100	11.9319	3.8530	8.5116	3.1800
16.4906	150.7571	255.7158	205.3471	13.7054	0.0535	12.2593	92.7839	12.2827	61.1324	12.7031	113.9513	17.7343	34.5110	31.2595	5.4830	31.0350	22.1459	11.7487	3.8490	8.3187	3.0504
16.3919	145.6912	251.2442	201.1993	13.7075	0.0495	12.1832	86.4209	12.5071	58.6949	12.4305	111.5768	17.4570	34.2324	31.2028	5.4491	30.9720	21.8656	11.5151	3.7216	7.9869	2.9268
16.0887	142.4131	247.7339	197.7547	13.6311	0.0456	12.2322	81.0573	12.5161	56.9865	12.1740	109.8970	17.1556	34.0239	30.8125	5.3954	30.5102	21.4125	11.3620	3.6065	7.9242	2.8825
16.0922	139.2450	243.6883	194.9297	13.6773	0.0409	12.2209	76.4272	12.4612	55.5613	11.9878	107.4457	16.8412	33.4376	30.7185	5.3330	30.2031	21.0273	11.1582	3.5282	7.6206	2.7882
15.8789	137.2060	238.9041	192.1712	13.7427	0.0398	12.3003	71.9145	12.5070	54.0404	11.8324	106.2594	16.7451	33.5273	30.6005	5.2544	29.9486	20.6894	10.9515	3.5359	7.4661	2.7044
15.6195	134.1133	235.2017	190.0728	13.7370	0.0369	12.3101	68.3526	12.4468	53.3299	11.7573	104.4455	16.6042	33.3105	30.5903	5.1542	29.7306	20.3576	10.7461	3.4859	7.2346	2.6244
68.6051	1123.2580	1281.7830	1254.4760	63.6239	0.4764	40.0393	1095.9850	48.4425	610.0457	64.0590	539.4618	71.6232	157.1020	116.4230	26.2992	133.2899	97.1003	48.2715	14.3816	63.2699	21.6822
36.9346	635.2355	664.4951	796.1276	32.9467	0.2862	22.4519	549.5637	24.8573	309.0500	34.3458	296.5068	40.2169	85.6976	64.3990	13.9602	73.1881	54.0762	27.8017	8.7646	33.1310	11.7869
26.6314	426.8503	460.5750	534.2892	22.4010	0.2009	16.9801	366.2465	17.7103	206.8439	25.0502	210.9502	29.9375	61.7687	47.6485	9.8671	53.0331	39.4008	20.4637	6.5356	22.4665	8.1185
23.2331	324.1804	383.4888	406.2223	18.0029	0.1604	15.2738	275.7154	15.2841	155.9944	21.0008	178.7159	25.7133	52.4761	41.1348	8.3750	44.6964	33.2882	17.3596	5.8361	17.8374	6.7421
21.0709	273.1477	340.1034	333.1053	15.8351	0.1288	13.9833	220.6846	13.8738	125.4598	18.3072	157.3160	23.0540	46.8231	36.9726	7.3733	38.8209	28.8418	15.1181	5.2236	14.5173	5.5442
20.3658	229.6489	319.1407	289.8134	15.0895	0.1134	13.4228	184.1012	13.5949	105.5742	16.8934	144.8985	21.4568	43.6106	35.1485	6.8529	36.3974	26.9277	14.1149	5.0007	12.8005	4.9271
19.0246	203.4763	301.1498	259.5940	14.3002	0.0957	12.8595	157.9517	12.9123	91.9493	15.5979	135.6847	20.3375	40.8820	33.7140	6.4092	34.1566	25.1811	13.2929	4.5977	11.3697	4.3895
18.7677	187.4177	291.3816	242.4892	14.1444	0.0873	12.7393	138.4886	12.7928	82.1875	14.8923	130.7410	19.6954	39.5491	33.0596	6.1643	33.3077	24.4048	12.9381	4.4645	10.4798	4.0835
17.9355	174.0038	279.1631	226.5577	13.8460	0.0749	12.4829	123.1047	12.5004	74.5458	14.1197	124.5046	18.9582	37.7899	32.1502	5.9092	32.3203	23.5982	12.4914	4.2001	9.7927	3.8125
17.6368	166.1703	273.1554	218.5705	13.7116	0.0693	12.4112	111.2159	12.4148	69.2003	13.7110	121.3451	18.7697	36.9417	31.9865	5.7728	32.0493	23.2596	12.3429	4.0937	9.2425	3.5192
17.0532	157.9669	264.3866	211.2377	13.7564	0.0622	12.2958	101.0605	12.4115	64.7120	13.2207	117.9942	18.3343	35.7250	31.6297	5.6344	31.5114	22.7310	12.0041	3.9752	8.9206	3.3502
16.8017	153.1318	260.4456	207.8622	13.6595	0.0589	12.3310	93.0838	12.3545	61.7580	12.9473	115.3352	18.0571	35.1904	31.4347	5.5397	31.3113	22.4946	11.8916	3.9592	8.4595	3.1816
16.4794	147.4018	254.1581	202.7053	13.6871	0.0521	12.1957	86.1153	12.2591	59.1606	12.5040	112.6565	17.6610	34.2361	31.1358	5.4639	30.9048	22.0306	11.7251	3.7672	8.1883	3.0103
16.4382	143.9119	251.2520	200.0492	13.6709	0.0500	12.1458	80.4086	12.3399	57.3152	12.3278	110.7772	17.6275	34.2302	31.1470	5.4631	30.9561	21.8286	11.5408	3.7030	7.9635	2.9818
16.0803	140.0293	247.1514	196.2595	13.6334	0.0429	12.2412	75.2686	12.3704	55.7112	11.9789	108.7287	17.0684	33.7387	30.7334	5.3907	30.4019	21.3189	11.2965	3.6907	7.6886	2.7905
16.0754	137.7754	243.4814	194.2410	13.7525	0.0433	12.2210	71.1462	12.4078	54.4993	11.9280	107.7428	16.9394	33.7665	30.7501	5.3297	30.1844	20.9910	11.1104	3.5453	7.5779	2.7524
15.6472	134.6858	238.7884	191.2247	13.6531	0.0380	12.2669	66.9710	12.4721	53.2762	11.6915	104.6894	16.6113	33.0215	30.5646	5.2331	29.8323	20.6020	10.9225	3.4517	7.4066	2.6626
15.5377	132.6857	234.7632	189.7744	13.7538	0.0382	12.2772	63.7855	12.4043	53.0213	11.7134	103.5651	16.6596	33.2052	30.6033	5.1570	29.6758	20.2937	10.7256	3.4557	7.2265	2.6512
65.6248	1044.9970	1203.8380	1166.4830	59.9133	0.4731	38.4784	1019.9330	45.0277	568.6803	61.6794	516.8250	70.0870	150.7098	114.2591	26.0812	130.4645	94.9875	47.1957	14.5195	60.1953	20.9164
36.0951	598.8932	640.6049	752.5695	30.9871	0.2783	21.6131	511.1983	23.4752	288.3462	33.2488	285.1594	39.3902	82.5234	63.8160	13.7190	71.9527	52.9370	27.2838	8.5239	31.1591	11.1695
26.6583	402.4922	453.8448	503.3647	21.2618	0.1974	16.8826	340.9449	17.1249	193.2740	24.4484	207.6456	29.7343	60.9363	47.2709	9.8497	52.3958	38.8832	20.2564	6.4870	21.6096	7.9339
22.8804	308.7326	372.9750	383.9455	17.4171	0.1577	15.0584	256.9970	14.9087	146.5726	20.3923	173.8863	25.3061	51.5419	40.4657	8.2268	43.7178	32.4528	16.9945	5.6985	16.8618	6.3437
21.0489	255.6210	337.2246	322.5158	15.5406	0.1294	13.8503	205.4434	13.7974	118.4042	18.1295	153.6839	23.0045	46.3543	36.9136	7.3915	38.6088	28.6770	15.0376	5.2324	14.0817	5.4144
20.1207	219.1966	314.3201	277.7952	14.7856	0.1099	13.3802	171.4601	13.5181	99.4672	16.4650	142.5649	21.3503	43.1208	34.8364	6.7991	35.8931	26.5489	13.9470	4.8797	12.2814	4.7603
19.2090	197.1879	300.2482	254.6208	14.4381	0.0947	12.9781	147.1520	12.9142	87.3463	15.4602	134.3199	20.4016	40.9347	33.6359	6.4346	34.1348	25.1351	13.3084	4.5731	11.1165	4.3782
18.4722	180.9710	288.3500	234.7115	14.1753	0.0842	12.7099	129.1626	12.7788	77.9064	14.6434	128.8333	19.5422	39.1693	32.8278	6.1267	33.0234	24.1834	12.7837	4.4198	10.1545	3.9885
18.0849	170.4636	279.0739	223.8392	13.9855	0.0750	12.4975	114.9496	12.5328	71.4707	14.0499	124.4488	19.1693	37.9143	32.2353	5.9606	32.3564	23.6089	12.5166	4.2496	9.7190	3.7854
17.6197	161.8910	270.9689	215.4733	13.7819	0.0689	12.3395	103.5483	12.5514	66.3388	13.5599	120.1170	18.6980	36.4867	31.8928	5.7528	31.8846	23.1150	12.2338	4.2381	9.0031	3.4691
17.0865	155.5585	264.9322	209.6017	13.6843	0.0609	12.4018	94.4245	12.2476	62.7662	13.0973	116.9057	18.3637	35.8336	31.6633	5.6560	31.5795	22.7883	12.0911	3.9636	8.8723	3.3210
16.8513	150.0030	259.1254	205.4447	13.6213	0.0564	12.2907	86.7918	12.3025	59.9323	12.7595	114.4172	18.0717	34.9882	31.3880	5.5391	31.2442	22.4011	11.8917	3.8620	8.3303	3.1158
16.7350	145.9651	255.0293	201.9226	13.6011	0.0527	12.2086	80.4808	12.3266	57.9766	12.5089	111.7200	17.6574	34.2929	31.1605	5.4865	30.9293	22.0293	11.7080	3.7772	8.2061	3.0018
16.2342	141.7954	250.6683	198.8246	13.6216	0.0483	12.2410	75.1140	12.4301	56.0633	12.2032	110.3904	17.4170	33.9782	31.1515	5.4668	30.9145	21.7763	11.5104	3.6755	7.8472	2.8392
16.1489	138.8842	247.3429	195.8846	13.6036	0.0444	12.2050	70.4124	12.4329	54.8412	11.9834	108.5476	17.0979	33.8749	30.6994	5.4017	30.4469	21.3387	11.3365	3.6160	7.6666	2.8036
15.8531	136.0296	243.3830	193.6852	13.7006	0.0417	12.2490	66.6237	12.4838	53.8120	11.8166	106.4190	16.9591	33.4630	30.6782	5.3440	30.1735	20.9689	11.1040	3.5153	7.5888	2.7608
15.6560	134.0926	238.7725	191.2425	13.7287	0.0397	12.2457	62.8247	12.5071	52.8542	11.7464	104.4940	16.7270	33.3111	30.5188	5.2531	29.8678	20.6147	10.9023	3.5211	7.3600	2.6441
15.6322	131.4498	234.9203	189.3305	13.7214	0.0361	12.2816	59.9514	12.6057	52.7417	11.6002	103.3888	16.6183	33.1396	30.6078	5.1721	29.7032	20.3253	10.7502	3.4079	7.1730	2.5526
