933.1489
290667.9659
1496.8241
1499.1257
1493.7696
290649.9295
2094.1361
2094.5061
2094.0562
2093.9744
2094.5648
2560.9247
2582.0584
2579.5920
500076.7764
2582.1733
2954.7709
572770.0562
620526.4464
623206.2461
3215.1790
3215.1244
3211.9239
3214.8365
3434.4716
3434.9465
3433.1951
3434.8898
3433.4899
3612.0399
3615.6569
3616.7807
3616.9554
3616.4464
1.452846e+06
3761.6300
3761.6668
728633.4338
3761.6284
3879.8107
3878.3794
3878.7081
3878.0175
751402.9174
3975.2809
3976.0669
3974.8776
3973.3218
3974.3106
4058.6023
4058.8386
4060.4316
4058.2790
4059.0425
4129.4457
4128.2339
4127.9786
4126.0488
4128.6798
4188.9360
4188.1413
4189.0126
4189.2917
4186.8228
4248.8283
4246.5479
4248.8533
822311.2425
4247.6888
257.6834
4367.9472
4366.1011
4368.5791
4366.6002
845442.8658
4404.3630
4406.1266
4404.3644
4408.6398
4404.6071
1.805917e+06
4670.2657
4671.1552
905044.8669
4670.4085
4909.2696
4910.4950
4910.1752
4906.9301
4903.0571
5134.6545
5135.1705
5136.9715
5132.4787
5130.1332
1.040300e+06
5365.6344
5368.9129
1.036798e+06
5354.9010
5604.0563
5605.2185
5609.4571
5604.6501
5603.9829
5832.3901
5839.9113
5832.1309
5834.8805
1.131005e+06
6054.1594
1.173210e+06
6051.6748
6061.3502
6052.7921
6286.7466
6285.7928
6291.9582
6289.9869
2.421877e+06
1.260072e+06
6509.4507
6505.9890
6511.8939
2.512470e+06
6737.7775
6750.1384
6736.9800
6731.5628
6729.7967
6974.5566
6951.7589
6958.9246
6971.8061
1.348347e+06
7181.2374
2.776162e+06
7169.7498
7177.9586
7176.2288
238.5364
7591.1841
7578.9023
7588.3075
1.471063e+06
7586.2411
7799.3201
7778.2765
7796.6716
7807.0033
7793.1121
8029.9251
8027.9748
8021.5569
8010.3540
8012.6330
8218.0294
8226.8426
8232.3501
8224.3623
8230.0712
1.620629e+06
8369.3198
1.621239e+06
8358.2908
8363.4199
8609.4126
8619.3629
8614.2051
8625.5696
8616.5279
8827.2489
3.408413e+06
8834.3567
8834.7103
8831.5216
9019.2944
9020.5022
9030.5876
9040.1193
9023.2587
9252.0650
9236.7617
1.784360e+06
9238.1481
9239.1725
9445.2483
9458.0241
9452.9671
9446.3814
9453.7871
9640.5271
9636.2420
9635.9565
9612.5815
1.868019e+06
9848.8578
3.806325e+06
9857.3238
9829.3814
9838.5405
10046.6150
10041.0483
10043.6269
10038.0038
10048.0683
10247.8875
10251.4966
10241.7685
10255.2488
10242.2945
10450.0007
10446.0915
10465.2108
10421.4864
10450.2479
10642.9536
10621.8594
10607.9622
10625.2987
10671.0527
10846.1116
2.098004e+06
10818.6012
10824.2221
10840.5338
11003.7830
11006.8924
2.134014e+06
10993.4520
2.134699e+06
11188.8194
2.170586e+06
11190.8118
11208.2728
11194.2708
11371.1475
11388.8785
11395.7370
11348.8396
11345.8343
11553.4006
11541.7179
11567.8771
11572.3886
11547.4684
11726.5132
11703.1749
4.526308e+06
220.6462
11804.4258
11787.1422
11802.7005
2.286839e+06
11803.8709
12028.5097
12014.2783
12011.6184
2.326229e+06
12019.7288
12238.8097
12241.1749
12232.8652
12261.6039
12265.1109
12466.6432
9.582649e+06
12473.5295
12373.2996
12436.5163
12618.1289
12596.7854
12584.2021
12604.6685
12601.6086
12776.3398
12798.1196
12817.6613
12793.3136
12820.9798
13004.0551
5.035596e+06
13001.9401
12988.1301
12984.2093
13165.0724
13199.0607
13195.5237
13173.4495
13159.0978
13369.3059
13383.9722
13260.6943
13365.7665
13337.9242
13524.4569
13519.7694
13521.5991
13516.4179
13500.8079
13696.0207
13735.2101
13696.9254
13723.9652
13715.8414
2.690252e+06
13870.6974
13884.5288
13888.0862
13867.4714
14035.4157
13977.0007
14044.1324
14041.1731
14044.2724
14205.3699
2.756416e+06
14233.1934
14219.1488
14241.8817
14357.1974
14417.1031
14384.6731
14410.2263
14434.1997
14596.7138
14600.8388
14596.0990
14567.5276
14554.7118
14596.0812
14767.3373
14738.7011
14744.9020
14777.2459
14851.9419
14944.0478
14941.3817
14874.6325
14863.0180
2.904154e+06
15036.3943
2.908592e+06
15020.3684
14987.6103
