3486.3681
3486.3690
3486.3741
3486.3579
3486.3761
3470.2124
3470.1187
3470.1152
3470.2200
3470.1434
3470.4536
3470.4844
3470.5050
3470.5378
3470.5160
3471.1238
3470.7448
3470.8334
3470.8687
3470.8488
3471.2613
3471.2795
3471.6189
3471.6513
3471.6030
3471.5750
3471.6313
3471.7429
3471.7636
3471.6685
3471.7827
3471.7549
3472.0018
3471.9999
3471.9876
3471.9730
3472.0085
3472.1373
3472.1534
3472.1806
3472.2121
3472.1427
3472.1501
3472.1174
3472.1109
3472.1305
3472.1333
3472.0170
3471.9947
3471.9768
3472.0361
3472.0052
3471.9325
3471.9779
3471.9118
3471.9559
3471.8970
3471.8648
3471.8410
3471.8206
3471.8117
3471.8376
3471.7458
3471.7336
3471.4703
3471.7843
3471.8022
3471.5590
3471.5761
3471.7136
3471.5972
3471.6302
3471.5279
3471.5455
3471.4561
3471.5395
3471.5122
3470.5611
3469.6052
3470.7307
3469.6932
3469.7533
3470.8889
3471.1568
3471.1281
3471.1402
3471.1869
3460.5910
3460.5223
3460.3915
3460.7379
3460.8853
3374.4385
3374.3032
3374.4259
3374.3655
3374.4012
3371.2523
3371.1467
3371.1026
3371.2096
3371.3553
3368.2076
3368.1652
3368.2658
3368.1111
3368.1576
3365.1871
3365.2481
3365.3191
3365.2174
3365.2222
3363.9225
3364.3123
3364.0983
3364.0154
3364.2526
3363.6454
3363.4728
3363.4585
3363.7200
3363.4726
3362.5153
3362.5225
3362.6170
3362.5687
3362.5167
3359.3319
3359.3601
3359.6480
3359.5568
3359.7348
3362.6951
3362.5924
3362.8414
3362.8300
3362.7816
3351.0664
3350.8830
3351.8570
3351.5168
3350.8044
3282.3056
3282.7826
3282.6499
3282.3870
3282.4872
3249.7101
3250.2504
3249.7533
3249.0226
3249.8123
3055.2968
3055.5986
3056.4059
3056.4669
3056.9315
3053.7245
3054.1939
3054.8993
3054.9194
3055.5229
3042.4405
3042.9545
3042.6516
3042.9814
3043.4423
3032.4471
3032.6956
3032.8617
3033.0220
3033.0149
3020.0830
3020.2597
3020.1014
3020.1403
3020.2596
3006.6534
3005.9041
3005.9723
3005.6980
3005.8358
3009.2983
3009.3879
3009.7141
3010.2584
3010.5998
3019.8408
3020.7149
3019.3278
3019.7046
3019.9266
3032.1294
3032.1753
3031.5867
3030.3163
3031.5997
3044.1520
3044.1440
3042.4959
3044.5177
3044.3873
3055.9841
3056.2756
3056.9515
3056.2800
3056.2812
3067.4744
3068.1349
3067.3778
3066.8942
3066.5747
3076.2188
3076.7017
3075.8108
3077.2564
3076.9263
3086.4891
3085.8618
3086.6438
3086.6774
3086.6578
3094.2010
3094.4998
3093.6558
3094.8665
3094.6988
3103.0222
3101.6797
3102.1882
3102.3318
3101.1592
3107.6664
3108.3857
3108.7262
3108.9743
3108.6592
3115.9673
3115.3192
3116.7943
3116.7271
3115.7121
3122.8646
3123.3599
3120.5509
3121.8529
3122.7385
3129.6284
3129.8847
3130.3520
3130.6558
3130.3136
3136.2892
3135.4785
3135.6067
3136.1892
3135.5859
3140.9903
3140.5285
3141.1909
3141.7308
3141.6227
3147.3716
3147.9980
3148.0228
3082.4434
3082.6303
3082.5120
3076.8703
3082.4661
3203.9368
3203.9280
3203.7734
3203.8909
3203.7128
3177.7321
3178.0278
3177.9217
3177.8645
3177.8734
3181.4225
3181.1229
3181.1476
3181.3010
3181.1685
3184.6204
3184.6245
3184.5240
3185.0418
3184.8704
3188.1835
3188.3602
3187.9170
3188.1172
3187.8066
3191.3098
3191.8631
3191.4483
3191.7373
3191.5887
3194.4762
3194.2860
3194.4894
3194.6356
3194.7570
3197.2398
3197.2651
3197.1056
3197.3428
3197.3001
3200.1486
3200.0629
3200.6407
3199.9757
3200.3315
3202.4150
3202.2874
3202.4156
3202.4536
3202.3509
3198.6381
3198.8014
3198.8812
3198.7108
3198.8199
3169.9309
3170.4604
3170.4255
3170.4145
3170.5199
3157.5880
3156.8756
3157.3951
3157.1466
3157.0970
3083.0257
3083.2120
3083.0053
3082.9423
3082.8743
3082.9533
3082.6188
3083.1505
3082.9794
3082.7930
3082.6102
3082.5972
3082.3605
3082.7384
3082.5792
3082.6339
3082.2877
3082.4620
3082.5979
3082.1910
3082.0262
3081.4415
3081.4874
3082.0478
3082.1023
3081.1795
3081.0903
3081.1143
3081.0409
3081.3753
