5099.2906
297394.2448
8206.0908
8218.7084
8189.3447
297375.7386
11483.8023
11485.8308
11483.3643
11482.9150
11486.1527
14041.9747
14157.8544
14144.3304
511649.3111
14158.4847
16202.4650
586025.0757
622931.1069
637628.8606
17632.2607
17631.9611
17614.4094
17630.3821
18833.0691
18835.6723
18826.0695
18835.3625
18827.6850
19807.5614
19827.3965
19833.5585
19834.5168
19831.7259
1.469701e+06
20626.7599
20626.9620
745495.3686
20626.7514
21275.9523
21268.1032
21269.9075
21266.1194
768792.0610
21798.9938
21803.3016
21796.7801
21788.2488
21793.6711
22257.1482
22258.4445
22267.1802
22255.3756
22259.5627
22646.7984
22640.1527
22638.7519
22628.1691
22642.5984
22970.7090
22966.3506
22971.1303
22972.6601
22959.1217
23298.7692
23286.2642
23298.9066
841341.1850
23292.5192
1411.4610
23952.5719
23942.4505
23956.0381
23945.1863
865008.7497
24152.6630
24162.3344
24152.6711
24176.1153
24154.0019
1.826867e+06
25608.0902
25612.9681
925989.4034
25608.8744
26921.7831
26928.5015
26926.7481
26908.9530
26887.7136
28155.2439
28158.0735
28167.9485
28143.3131
28130.4528
1.064375e+06
29424.3700
29442.3484
1.060793e+06
29365.5089
30726.1392
30732.5114
30755.7492
30729.3938
30725.7363
31978.9747
32020.2147
31977.5547
31992.6290
1.157179e+06
33199.7231
1.200361e+06
33186.0985
33239.1547
33192.2226
34475.2402
34470.0119
34503.8227
34493.0107
2.449975e+06
1.289232e+06
35692.2822
35673.3017
35705.6777
2.541616e+06
36947.0966
37014.8807
36942.7236
36913.0153
36903.3338
38246.2285
38121.2136
38160.5080
38231.1448
1.379551e+06
39380.2812
2.808368e+06
39317.2863
39362.3022
39352.8155
1305.6146
41627.2902
41559.9421
41611.5187
1.505106e+06
41600.1832
42766.6860
42651.2988
42752.1621
42808.8148
42732.6448
44034.6885
44023.9941
43988.7990
43927.3636
43939.8612
45062.1601
45110.4841
45140.6823
45096.8857
45128.1895
1.658134e+06
45896.5440
1.658759e+06
45836.0619
45864.1905
47210.0695
47264.6312
47236.3495
47298.6620
47249.0850
48404.3365
3.447953e+06
48443.3115
48445.2506
48427.7676
49459.0218
49465.6419
49520.9512
49573.2207
49480.7614
50735.1618
50651.2422
1.825654e+06
50658.8444
50664.4612
51791.4319
51861.4881
51833.7611
51797.6454
51838.2569
52863.8120
52840.3116
52838.7522
52710.5780
1.911248e+06
54004.3254
3.850482e+06
54050.7506
53897.5273
53947.7543
55092.2845
55061.7551
55075.8988
55045.0604
55100.2534
56190.5703
56210.3557
56157.0258
56230.9358
56159.9025
57302.1770
57280.7477
57385.5857
57145.8232
57303.5387
58362.9011
58247.2288
58171.0164
58266.0828
58516.9920
59474.3176
2.146556e+06
59323.4663
59354.2893
59443.7336
60342.0235
60359.0748
2.183399e+06
60285.3695
2.184101e+06
61357.8473
2.220819e+06
61368.7634
61464.5103
61387.7395
62356.5310
62453.7638
62491.3719
62234.1982
62217.7203
63350.0828
63286.0233
63429.4590
63454.1924
63317.5525
64290.9188
64162.9660
4.578815e+06
1206.1516
64727.7322
64632.9546
64718.2626
2.339762e+06
64724.6858
65961.7287
65883.6873
65869.1018
2.380064e+06
65913.5736
67114.7649
67127.7385
67082.1734
67239.7645
67258.9973
68363.1727
9.638305e+06
68400.9330
67851.2992
68197.9678
69194.4610
69077.4205
69008.4180
69120.6468
69103.8630
70061.1965
70180.6250
70287.7833
70154.2615
70305.9974
71307.7750
5.094014e+06
71296.1754
71220.4475
71198.9451
72193.7441
72380.1281
72360.7323
72239.6810
72160.9773
73312.8145
73393.2267
72717.2183
73293.4013
73140.7201
74155.2290
74129.5296
74139.5595
74111.1499
74025.5579
75097.6784
75312.5578
75102.6353
75250.9014
75206.3563
2.752509e+06
76058.3511
76134.1977
76153.7073
76040.6654
76955.3365
76635.0475
77003.1277
76986.8990
77003.8996
77887.5124
2.820204e+06
78040.0647
77963.0617
78087.7059
78728.4283
79056.9142
78879.0805
79019.2069
79150.6685
80040.2910
80062.9123
80036.9212
79880.2454
79809.9798
80039.0238
80978.1299
80821.1015
80855.0961
81032.4579
81440.5318
81945.6012
81930.9696
81564.9592
81501.2676
2.971361e+06
82451.0118
2.975902e+06
82363.1257
82183.5023
