672251.1838
459393.8169
460483.3777
459918.4771
461458.6313
459354.9528
353261.7434
353348.1049
353220.3446
353366.4833
353001.4162
307290.3454
305127.2900
305388.8926
305226.9107
305120.7020
280727.4203
280546.6161
260593.5975
260593.5975
260562.6678
260572.5676
260957.9218
260636.2659
253002.4545
252948.4517
253127.4106
253057.7853
253083.8221
248113.0532
247934.8846
248032.6520
248128.2314
247994.0238
245490.5047
245301.0723
245171.1517
245075.0597
245242.3381
244131.5627
244229.0746
244243.4661
244195.4658
244093.6349
244342.6897
244314.0733
244401.5424
244370.2456
244321.3448
244826.2840
244812.7612
244760.9868
245062.9297
244999.3297
246267.2034
246269.5607
246284.6199
246469.8994
246305.2304
247354.6030
247339.7224
247522.4781
247415.4859
247414.6016
249000.9489
249090.6348
248695.1683
249124.4480
249099.2826
254468.8874
254468.8874
254494.1539
254414.3896
254632.0530
254818.2154
256605.8801
256415.9941
256388.9529
256184.8826
256423.5681
244609.8346
244667.4322
244482.1880
244366.8007
244482.7708
239258.4462
238945.4911
239008.8228
239127.8281
239363.8992
235028.5583
234978.9808
234802.2031
235095.6713
235241.1345
230834.0237
230825.6072
230803.1240
231307.9224
231157.5135
226933.5537
226828.9712
226651.0076
226842.3210
226998.7356
223625.4000
223230.0829
223438.2984
223380.4099
223268.3370
220568.9882
220442.3942
220573.4318
220285.4808
220462.1085
217186.5961
217082.5021
216943.0897
216602.4407
217020.5433
213508.3210
213220.4159
213211.1993
213070.2267
213274.3423
209746.4716
209504.9335
209764.6758
209837.8461
209858.1077
202732.5977
203210.3645
203009.1103
202774.8569
203067.8216
198864.7173
198638.7092
199201.6792
199627.1180
199573.8419
190985.3566
190985.3566
191353.3578
191075.5530
190927.5811
191094.0452
185981.1766
186475.3898
186004.8358
185809.6829
186088.2191
180670.4129
180650.2189
180811.9101
181022.3187
180996.0817
176486.8237
176298.9999
176158.7561
176340.8420
176273.8066
173419.5914
173236.8701
173289.6264
173394.4086
173427.3732
234207.5639
233893.5103
233929.7130
233741.0263
233856.3009
232356.1867
232487.1020
232106.6513
232086.5685
232207.2999
231163.5753
230935.3729
230683.4900
230379.2310
230892.5574
229633.4352
229836.1671
230259.8816
229799.9461
229850.0133
228797.8509
228292.4643
228404.0463
228567.1819
228443.5226
227800.9478
227782.7662
227799.7832
228342.7609
227641.2736
226290.8126
226238.6116
226039.6518
226527.8830
226404.9899
224826.4329
224857.5306
224838.7201
224987.6654
224724.5441
223711.2855
223464.8885
223765.3395
223416.8982
223699.6590
222279.4681
222192.0507
221867.7348
222755.1236
222138.6030
221060.8751
221401.5081
221773.5408
221146.0117
220477.1878
219496.4477
219774.3615
220016.8117
219930.4874
219626.6226
219141.2685
218845.2938
218745.1739
219201.1652
218523.1759
217777.3526
217399.9124
217690.5851
217339.4126
217666.9363
216702.0644
216303.3661
216190.4688
217093.5295
217143.1625
215542.9160
215647.4483
215226.2202
215139.8610
215562.7328
214389.8382
214670.5064
214530.8213
121823.6229
211608.7716
211868.2290
211663.1277
211492.0223
211605.3624
208601.8941
208742.5495
208786.6275
208852.3523
208657.9871
207582.7948
207515.9003
207653.5799
207157.5497
207118.1809
206390.7851
207047.5813
206210.5620
207650.1761
206709.9891
206202.8230
206463.4268
206590.7867
206338.5171
206373.3558
205844.5995
205395.0906
205169.5078
205519.0274
205146.7755
204466.1722
204098.2345
204533.6873
204734.8855
204847.9597
203921.8865
203414.6742
203330.1952
203571.9965
203980.3943
202699.3000
202604.4061
204295.4152
202748.9260
203119.9675
202328.8384
202097.6376
202340.9674
202356.6652
202599.8315
201283.7738
200822.3284
201342.5741
200902.1740
201058.4593
198545.0578
198673.4759
198521.5625
198469.2053
198697.8253
197217.0630
197982.2722
197162.7453
197150.2252
197076.0328
192200.1577
191856.7286
191849.0943
191974.3850
191721.2229
191116.7797
190803.4453
191134.5972
190935.5702
190618.2359
189701.1119
189660.8726
189767.0183
190069.5449
190213.2181
190807.2899
188631.1087
188987.9377
188943.9320
188540.1521
188688.8175
187629.8203
187657.4988
188395.2246
188563.2218
187993.3744
187473.0830
187704.9967
187468.3595
187881.0923
