54872.1524
41176.9778
41274.7523
41249.3567
41326.0937
41222.0947
33221.3176
33190.2039
33209.6120
33207.7906
33196.6655
29271.1690
29086.2195
29102.9332
29103.7816
29094.3403
26826.3936
26799.0351
24578.1434
24578.1434
24580.4953
24593.9432
24606.1947
24594.9571
23613.3588
23599.6519
23605.8201
23595.2438
23592.2603
22884.0421
22861.3831
22858.3810
22869.6782
22877.0085
22365.6805
22362.9026
22357.3556
22345.7558
22341.3289
21917.3819
21921.2438
21924.6386
21932.8239
21920.8949
21599.5237
21590.2406
21588.4385
21609.9251
21616.7080
21338.1248
21324.2327
21318.6460
21318.8249
21312.4265
21098.4906
21100.4774
21097.1505
21106.7945
21096.5401
20914.8997
20920.8540
20910.4865
20905.4307
20908.0126
20698.7225
20691.9651
20688.2357
20707.3371
20690.9449
21483.1051
21483.1051
21423.0825
21428.8143
21509.8820
21534.6198
21357.7700
21322.1184
21295.5208
21301.9076
21305.6580
20903.3244
20849.9498
20858.0557
20850.8053
20822.6084
20531.4303
20521.1928
20534.1732
20530.5746
20548.0322
20219.4162
20198.5883
20184.8987
20175.9581
20184.7364
19811.8892
19814.7510
19788.4795
19835.0033
19833.1056
19505.9742
19478.1705
19488.4308
19483.4528
19501.3256
19180.6067
19143.2067
19155.0844
19161.3528
19128.7482
18841.6170
18831.6820
18818.5965
18813.3361
18820.7923
18516.2601
18487.4516
18469.6275
18468.2093
18514.7434
18169.0335
18137.2419
18142.4108
18130.4094
18166.1309
17866.6939
17845.5031
17852.8480
17846.2915
17853.5202
17585.9325
17594.5010
17592.2019
17587.0218
17609.7274
17409.9394
17402.1566
17420.3487
17476.1405
17481.8059
17112.5954
17112.5954
17117.2173
17102.9860
17092.2615
17102.9118
16945.9206
16955.4824
16957.4963
16949.9554
16969.0402
16766.8218
16784.7898
16787.7118
16791.3894
16780.9559
16665.4012
16626.7282
16622.0699
16633.4057
16628.7809
16510.8843
16511.0775
16511.7056
16528.0477
16520.7480
21700.9052
21645.6705
21639.6313
21603.1827
21631.9030
21531.7919
21485.7591
21487.0354
21472.9355
21471.5552
21394.2627
21347.1233
21324.9466
21322.8742
21336.7192
21186.8248
21141.0686
21182.4237
21152.7397
21150.8724
20991.8928
20940.6710
20939.5730
20953.1434
20937.5931
20827.5349
20768.3729
20777.0667
20807.8917
20746.9217
20654.5791
20591.3041
20586.4052
20620.7152
20598.9060
20474.0592
20430.6565
20438.8843
20427.7405
20421.7309
20329.4221
20275.2090
20270.9939
20276.6393
20295.2416
20181.8284
20122.6298
20121.2889
20160.7855
20120.9912
20046.9232
20025.0004
20041.6747
20008.0078
20015.7282
19882.0755
19839.3536
19848.9571
19847.4796
19840.6138
19778.0357
19733.4412
19739.5641
19774.6578
19728.2201
19683.1706
19617.0513
19645.2581
19640.3091
19640.9640
19578.9941
19526.1706
19518.9659
19561.8863
19560.9811
19451.2763
19429.7603
19398.5690
19414.4177
19421.8802
19341.8092
19331.2698
19310.2178
11522.8210
18394.8875
18402.3340
18399.4049
18388.9066
18395.0732
18272.1967
18289.8859
18275.2292
18277.9188
18267.2547
18228.5004
18220.4866
18217.6842
18190.2346
18181.7866
18130.3970
18134.0524
18130.9555
18175.6458
18149.5127
18085.5164
18104.2636
18112.9510
18103.4791
18100.5237
18057.2660
18011.0237
17981.2285
18010.1266
18003.5245
17918.5455
17899.1499
17911.6311
17915.4531
17921.7026
17840.9089
17821.4497
17806.0597
17815.2021
17847.2872
17734.9535
17728.8415
17751.8020
17725.9925
17745.5559
17657.2836
17646.4423
17656.8385
17663.8306
17685.4981
17583.2072
17548.4636
17576.8897
17563.5214
17561.2062
17505.0155
17506.0945
17503.7884
17497.3735
17514.8864
17451.7856
17475.0638
17448.6224
17450.3840
17439.1897
17373.0777
17358.1175
17364.2051
17374.2969
17349.9851
17298.1056
17301.9269
17320.4244
17309.0162
17293.7919
17216.7161
17223.4011
17228.3461
17241.0050
17242.9041
17234.6270
17157.8480
17166.7355
17172.5524
17146.6106
17131.1883
17094.6218
17081.5827
17131.3028
17113.4080
17054.4218
17048.4495
17066.8036
17054.6752
17074.0482
