2056.3701
2056.7792
2055.5224
2055.4197
2056.9263
3307.8466
3299.4759
3304.5917
3292.7305
3307.6215
4619.7245
4620.5317
4619.5148
4619.3476
4620.6576
5651.171
5698.0601
5692.4363
5696.2941
5698.1903
6522.8983
6526.4949
7102.897
7100.193
7100.0706
7093.0678
7099.3829
7585.2854
7586.28
7582.3963
7586.1061
7583.0433
7979.1458
7986.9191
7989.374
7989.777
7988.713
8304.7796
8309.9692
8310.1126
8308.3756
8309.975
8572.3277
8569.1439
8569.8809
8568.3511
8568.9251
8783.9302
8785.4689
8782.7565
8779.3951
8781.6782
8969
8969.2213
8972.9684
8968.1001
8969.902
9126.5075
9123.6732
9123.9122
9118.7465
9124.6851
9257.8009
9255.844
9257.6712
9258.3911
9252.9399
9390.3414
9385.1047
9390.1519
9380.1382
9387.6199
9654.811
9649.9531
9655.7167
9651.181
9644.7738
9735.2863
9739.1321
9734.9454
9744.6008
9735.661
10330.497
10324.274
10326.155
10327.454
10324.497
10856.22
10858.755
10858.066
10850.814
10842.227
11355.955
11356.849
11360.775
11350.822
11345.743
11878.088
11870.098
11877.103
11837.905
11846.028
12397.968
12400.292
12409.803
12398.918
12397.631
12905.595
12922.516
12905.085
12911.221
12918.779
13401.012
13403.547
13395.379
13416.757
13397.759
13918.693
13916.317
13930.208
13925.742
13872.896
14401.811
14412.954
14405.267
14418.366
14394.612
14922.815
14949.863
14920.398
14908.316
14904.549
15450.349
15399.179
15415.276
15444.076
15416.644
15911.369
15914.759
15885.477
15903.648
15900.198
16825.927
16797.819
16818.966
16828.775
16814.44
17289.706
17242.097
17283.035
17306.172
17275.416
17805.665
17800.829
17786.184
17761.276
17766.078
18223.912
18243.402
18255.572
18237.932
18250.361
18552.295
18562.83
18558.91
18558.575
18549.253
19099.44
19120.738
19109.005
19134.336
19114.124
19585.042
19567.22
19600.733
19601.551
19594.835
20015.881
20018.23
20040.531
20061.794
20024.379
20536.326
20501.756
20441.086
20504.555
20507.019
20967.397
20995.739
20984.325
20969.645
20986.196
21405.767
21395.466
21394.997
21341.959
21408.338
21870.754
21871.092
21889.571
21827.296
21847.724
22316.21
22302.449
22308.171
22295.65
22318.167
22764.304
22772.062
22750.08
22780.459
22751.038
23219.182
23209.614
23252.369
23154.207
23219.211
23652.919
23604.96
23573.487
23625.213
23715.806
24108.198
24069.119
24045.741
24057.628
24094.503
24463.779
24469.28
24485.848
24438.475
24506.378
24878.925
24907.281
24881.511
24920.948
24889.663
25287.513
25327.391
25342.245
25236.158
25230.831
25694.715
25667.746
25726.444
25736.552
25680.127
26079.711
26026.312
26050.35
26258.234
26217.975
26252.539
26255.169
26255.458
26766.796
26733.527
26728.181
26717.027
26746.296
27238.178
27246.466
27226.677
27292.299
27300.251
27749.153
27622.929
27769.466
27541.63
27685.001
28090.892
28044.007
28015.81
28063.826
28056.103
28445.477
28497.499
28541.748
28487.972
28547.887
28958.194
29018.127
28954.677
28924.63
28914.788
29321.135
29399.077
29392.605
29341.804
29310.348
29782.602
29813.972
29535.04
29773.922
29710.161
30128.27
30168.597
30122.29
30110.698
30074.382
30516.519
30601.991
30516.729
30577.931
30558.428
30945.62
30910.195
30940.368
30949.075
30901.607
31279.816
31145.32
31297.908
31290.906
31298.62
31663.083
31714.573
31723.971
31692.81
31743.928
32009.669
32143.665
32070.758
32127.543
32180.999
32550.474
32557.999
32546.857
32481.633
32454.851
32548.539
32932.772
32869.72
32881.783
32955.734
33127.186
33331.302
33325.818
33175.828
33149.641
33442.141
33543.562
33491.669
33573.052
33498.136
