26076004289272
25577062930565
25577063042407
25577062900641
25577063111272
25577062988931
25578976246587
25578976190710
25578976184716
25578975883765
25578976088618
25578098486017
25578098200598
25578097988668
25578098091072
25578098498778
25578588922971
25578589058323
4266005880167
25579306986723
25579307241180
25579306938012
25579307649661
25579307244975
25578561467527
25578561174185
25578561265391
25578561203122
25578561250312
25578847008535
25578847208281
25578847276936
25578847217380
25578847466897
25578484086192
25578483507204
25578483496111
25578483407784
25578483326989
25578899305147
25578899535848
25578899262570
25578899434955
25578899166182
25578729303837
25578729258246
25578729093607
25578729266384
25578728902776
25579230309661
25579231131735
25579230634979
25579230330820
25579230362924
25579606124964
25579606763926
25579605919116
25579606275889
25579606367365
25578728711182
25578729581353
25578728892342
25578729146236
25578728984238
25578658685954
25578657615360
25578658442993
25578657917667
25578657080856
1508504237835
25578711045034
25578710941902
25578711286334
25578711270512
25578711902309
25578862179711
25578861484194
25578861663141
25578861915167
25578861646525
25578200088372
25578199745011
25578200108837
25578199551084
25578200073946
25578930582330
25578928883300
25578929869210
25578931024046
25578929672140
25578360911768
25578360866264
25578360510181
25578360942179
25578360366293
25578999031585
25578998352662
25578999178533
25578998437169
25578998577186
25577712710874
25577712410885
25577712581459
25577712225559
25577712757499
25577879724785
25577880154264
25577879651576
25577879515302
25577879514598
25579035967067
25579035615285
25579035063927
25579035470970
25579035171955
25578933953861
25578934301262
25578932971222
25578932215445
25578933512016
25578060936300
25578060599289
25578060818279
25578060570957
25578061140645
25578623057664
25578623248596
25578623277501
25578622379742
25578622081733
25578832503645
25578831400943
25578832207409
25578832592201
25578833961106
25578866281059
25578866774877
25578865829685
25578865491361
25578867679002
803628803512
25578703578026
25578701845122
25578702552127
25578702483841
25578701846967
25578416729172
25578416478209
25578416763751
25578416415876
25578417074153
25578983713840
25578983582198
25578983811898
25578984465428
25578984384408
25578344444757
25578344062880
25578343815546
25578346094673
25578345365286
25579021599061
25579022646691
25579022140863
25579023867956
25579021487545
25578645247557
25578644692422
25578646057141
25578645293172
25578644511292
25578593282040
25578593150859
25578593505945
25578593598671
25578592730282
25578687939375
25578687041425
25578687841056
25578687614419
25578687815345
25578779961140
25578778839529
25578778758910
25578779817638
25578779757699
25578303868498
25578303947676
25578305045694
25578303348010
25578304644966
25578545375843
25578543313741
25578545843437
25578543542788
25578543658815
25578330107282
25578327422046
25578329054098
25578327427641
25578330255267
25578778017554
25578777563528
25578778510678
25578778113568
25578777330103
25578159555701
25578157536360
25578158752050
25578157863169
25578159599404
25578523074684
25578523686831
25578524353744
25578523134123
25578524902907
25578789020597
25578789319154
25578790188748
25578788110207
25578790558767
25578572919085
25578572757794
25578572758960
25578573025043
25578573401258
25578892439091
25578892866728
25578892307965
25578892029905
25578893694415
25579166509601
25579164825576
25579166445450
25579161750250
25579166890000
25578791939254
25578793472469
25578793119826
25578793653653
25578793734786
25578238621437
25578240591153
25578239924090
25578239284280
25578239556698
25577324898999
25577323870432
25577323482813
478056327613
25578351188706
25578350353338
25578350775793
25578350300450
25578349724150
25578914089907
25578911778149
25578912849092
25578914143962
25578912905757
25578873973102
25578875212292
25578875320787
25578875092278
25578875396404
25578830734029
25578828645965
25578830608267
25578830752986
25578830315760
25578996131728
25578996178249
25578995052747
25578994473869
25578994610387
25578807487915
25578808168477
25578807140687
25578804797700
25578806201567
25578562063856
25578561533792
25578560402732
25578560598394
25578561073719
25578898422614
25578899510793
25578900076329
25578899752115
25578897845126
25578815584926
25578815088038
25578815410982
25578814341596
25578815465322
25577942236722
25577943777256
25577942081319
25577941369943
25577941827685
25578117438992
25578115437373
25578115795996
25578116757571
25578117253161
25578447184420
25578447757214
25578446296862
25578447305831
25578447528088
25577876629953
25577873841551
25577876172405
25577875030781
25577875370095
25577858706826
25577857028304
25577856547062
25577856559788
25577857247583
25578655499601
25578654597034
25578655325417
25578654134278
25578655206850
25578553106283
25578555183130
25578555468441
25578552820549
25578554004276
25578671564591
25578672346770
25578673747593
25578672916664
25578672965132
25578601550453
25578601985942
25578601977464
25578601542524
25578601937752
25578521395645
25578520450221
25578521669505
25578521991796
25578520273352
