0
306061521198
306061523576
306061509980
306061515976
306061516598
306061519635
306061520288
306061526103
306061522278
306061520662
306061528734
306061519085
306061512207
306061516321
306061520760
306061526501
306061520978
50425612516
306061515918
306061520236
306061525531
306061535115
306061519829
306061518467
306061513586
306061530226
306061517747
306061530180
306061522322
306061522805
306061528963
306061516097
306061515770
306061517665
306061528838
306061529598
306061519230
306061520920
306061552800
306061552800
306061552800
306061552800
306061552800
306061529685
306061523341
306061524246
306061516823
306061535096
306061520697
306061516603
306061517783
306061522965
306061516618
306061519477
306061530390
306061529512
306061516934
306061518478
306061520692
306061522018
306061519695
306061517068
306061528754
306061518361
306061522935
306061511765
306061517017
306061534888
17230563021
306061527565
306061517953
306061515045
306061521938
306061522038
306061515896
306061540264
306061521667
306061520055
306061534302
306061519036
306061528416
306061518900
306061518785
306061517322
306061552800
306061552800
306061547761
306061480777
306061518544
306061533852
306061523463
306061519998
306061526839
306061522482
306061524725
306061527973
306061527356
306061528661
306061529099
306061502370
306061532795
306061501119
306061524392
306061505187
306061528944
306061535089
306061519070
306061530400
306061515477
306061513523
306061523964
306061527210
306061512891
306061535703
306061522714
306061513136
306061519616
306061511960
306061522065
306061504855
306061516001
306061496446
306061525217
306061517596
306061523423
306061528644
306061528555
306061525024
306061513949
306061546585
306061529780
306061516385
306061526688
306061458272
306061529958
306061506484
306061519450
306061516980
306061502474
8744614601
306061516035
306061507638
306061527159
306061525293
306061527677
306061516574
306061516604
306061522050
306061522015
306061517117
306061526170
306061515034
306061521883
306061519176
306061525407
306061526822
306061545117
306061540251
306061500309
306061526768
306061552800
306061477084
306061501123
306061540448
306061552800
306061526726
306061538829
306061511357
306061485683
306061525268
306061494783
306061552800
306061511870
306061501834
306061518957
306061539577
306061525737
306061514250
306061526210
306061530862
306061552800
306061527483
306061538998
306061512412
306061525173
306061526245
306061512160
306061504413
306061522239
306061526723
306061552800
306061552800
306061552800
306061503888
306061539489
306061462615
306061552800
306061525141
306061552800
306061461640
306061505546
306061552800
306061507483
306061535588
306061540066
306061535676
306061501167
306061521898
306061504177
306061535711
306061515744
306061533658
306061507595
306061522936
306061467413
306061522620
306061521489
306061515567
306061539244
306061522026
306061533789
306061552800
306061527353
306061552800
306061538295
306061534358
306061481234
306061552800
306061500444
306061473936
306061552800
306061448391
306061535373
306061552800
306061533597
306061533918
306061539628
306061535071
306061518435
306061534326
306061481693
306061533758
306061520165
306061532783
306061505401
306061552800
306061552800
306061534029
4823322336
306061513764
306061513216
306061552800
306061513823
306061511780
306061492541
306061532580
306061534450
306061500824
306061478059
306061532789
306061525393
306061506802
306061493839
306061531787
306061529592
306061532308
306061518460
306061491228
306061552800
306061512640
306061509869
306061552800
306061552800
306061534323
306061533914
306061552800
306061481014
306061552800
306061530624
306061552800
306061534737
306061512921
306061511342
306061489597
306061552800
306061504962
306061471709
306061530542
306061532595
306061468705
306061511581
306061534335
306061498318
306061514439
306061533994
306061471519
306061505390
306061514534
306061529382
306061514154
306061504148
306061552800
306061531760
306061527185
306061533756
306061488566
306061534093
306061529095
306061528460
306061514053
306061519852
306061436080
306061506142
306061505683
306061478082
306061506823
306061532575
306061533062
306061524827
306061524441
306061552800
306061515640
306061532587
306061552800
306061500737
306061441390
306061552800
306061533802
306061552800
306061552800
306061526671
306061514331
306061519553
306061552800
306061480164
306061552800
306061474820
306061550430
306061525240
306061541096
306061552800
306061506559
306061537222
306061536801
