80519548307
140817172370802
80788274485
80788271569
80788276543
140818276630513
80604562761
80604569285
80604550902
80604571374
80604572697
80681734489
80681738509
80681733413
140818170093434
80681717357
80642150443
140818130505984
140751040018435
140818056875006
80568509486
80568511193
80568514284
80568520450
80633378917
80633385192
80633387039
80633376941
80633380537
80605770020
80605761602
80605770238
80605770468
80605760091
281551508064954
80644017141
80644022981
140818132378968
80644022799
80607157122
80607166229
80607130266
80607121238
140818095529069
80622780649
80622785223
80622775311
80622787530
80622784979
80586536978
80586539285
80586536469
80586528975
80586538040
80551738417
80551746559
80551747260
80551742248
80551742004
80618504705
80618502932
80618485677
80618493736
80618500586
80630695658
80630687723
80630694745
140818119034986
80630690709
4866333400
80609538194
80609535140
80609534760
80609530731
140813862526820
80599114664
80599116332
80599106819
80599098645
80599097180
281552309864584
80675847629
80675837425
140815838691279
80675846447
80590710617
80590713361
80590703521
80590703058
80590699748
80654703870
80654717300
80654714344
80654700286
80654716420
140818082674660
80594318010
80594304573
140814769124348
80594313969
80724232578
80724210512
80724234521
80724221527
80724225977
80703227932
80703209139
80703219683
80703226493
140818191578894
80606634436
140816002859715
80606629368
80606630811
80606635615
80602194464
80602188574
80602195508
80602197939
281553095300800
140818171898792
80683562833
80683556665
80683555348
281555481304414
80630008580
80630003436
80630013666
80630006725
80630002487
80618638208
80618624406
80618643642
80618642187
140818106996466
80604098854
281553409192443
80604117050
80604105400
80604113352
2645625807
80622005775
80621996183
80621999182
140817833635195
80622000824
80654675122
80654666846
80654652189
80654653024
80654668452
80599413944
80599403268
80599414081
80599406774
80599399096
80662021292
80662021140
80662011591
80662024291
80662019008
140818075659987
80587304660
140817517111119
80587291629
80587304660
80635835941
80635846660
80635841723
80635851043
80635848005
80638937958
281555058550845
80638945368
80638949262
80638940053
80612676755
80612680935
80612673287
80612680029
80612679323
80620584977
80620581431
140818108944281
80620579203
80620581834
80660338695
80660348233
80660335610
80660341397
80660322043
80639994238
80639995169
80639973304
80640012204
140818128350143
80664902973
281555310831288
80664899332
80664892174
80664902228
80619192400
80619195205
80619193593
80619199514
80619200223
80688083281
80688102043
80688094165
80688102043
80688083609
80645374199
80645372172
80645368812
80645372046
80645372489
80611939790
80611943308
80611937098
80611940628
80611932046
80645549292
140817590770616
80645545964
80645539828
80645541230
80608286100
80608289427
140816897271318
80608292857
140817084856354
80599575198
140818087943484
80599581490
80599590585
80599573306
80605955634
80605960253
80605948123
80605957631
80605956232
80673451216
80673432548
80673441481
80673433406
80673442741
80764281814
80764285489
281554283470089
1620241326
80659768746
80659771112
80659773209
140818148120739
80659761191
80604040424
80604036695
80604049561
140816651017957
80604038586
80605639660
80605631228
80605636682
80605633382
80605639503
80617206016
563029705558989
80617218274
80617209629
80617207003
80614204124
80614205348
80614208433
80614204373
80614204815
80619843193
80619818899
80619843933
80619851045
80619857411
80639744539
281554910448589
80639743743
80639754510
80639750700
80611650348
80611640923
80611657017
80611633576
80611645547
80620236950
80620239824
80620233817
80620230260
80620227265
80696796929
80696793856
80696780782
80696800543
80696790160
80680762639
80680762190
80680766139
80680756291
80680768534
140818074134357
80655993745
80655993083
80655993100
80655994364
80712336491
80712345544
80712349358
80712348537
80712349358
80708065301
140817235185471
80708076642
80708078092
80708069639
80634523992
80634526935
80634530168
80634527400
80634518394
80648791295
80648800381
80648781102
80648801759
80648800853
80627524572
80627521513
80627516801
80627522123
80627509648
80642336054
80642328004
80642335028
80642335005
80642336524
140817989883646
80650545978
140817989569108
80650546264
80650543389
