1299112500000
1299112375839
1299112358396
1299112386756
1299112367023
1299112390477
1299112378942
1299112394689
1299112381116
1299112387620
1299112383348
1299112404979
1299112373602
1299112392050
1299112384985
1299112397835
1299112376825
1299112392865
216518739437
1299112354206
1299112365511
1299112338453
1299112397641
1299112367732
1299112337654
1299112365444
1299112338750
1299112334336
1299112382633
1299112378291
1299112402944
1299112391247
1299112399546
1299112390049
1299112341889
1299112372702
1299112351325
1299112326680
1299112370765
1299112500000
1299112500000
1299112500000
1299112500000
1299112500000
1299112343937
1299112369303
1299112405493
1299112396800
1299112359812
1299112350754
1299112342715
1299112362938
1299112377427
1299112346508
1299112355321
1299112403071
1299112362466
1299112364583
1299112362607
1299112367734
1299112403735
1299112364286
1299112400105
1299112380559
1299112371529
1299112359551
1299112386207
1299112407667
1299112391826
76418377087
1299112411015
1299112362123
1299112368009
1299112390015
1299112500000
1299112403193
1299112349991
1299112377969
1299112362352
1299112379488
1299112387289
1299112383168
1299112404851
1299112392935
1299112422188
1299112305902
1299112344585
1299112345505
1299112463442
1299112405994
1299112421342
1299112368257
1299112351890
1299112383428
1299112368938
1299112430945
1299112385269
1299112432669
1299112396464
1299112380099
1299112350253
1299112359514
1299112391641
1299112358096
1299112328915
1299112363533
1299112382140
1299112311056
1299112274718
1299112388078
1299112386266
1299112368762
1299112364004
1299112394674
1299112375298
1299112500000
1299112475519
1299112301932
1299112310276
1299112354865
1299112357598
1299112419189
1299112419132
1299112372876
1299112406155
1299112343747
1299112304158
1299112375886
1299112415895
1299112345583
1299112344866
1299112373098
1299112392143
1299112381908
1299112488600
1299112400261
1299112393337
1299112360482
1299112343343
1299112384431
40597268977
1299112441957
1299112325145
1299112329945
1299112250251
1299112370883
1299112345823
1299112319875
1299112390476
1299112417442
1299112401385
1299112312771
1299112299424
1299112338801
1299112374451
1299112330233
1299112335788
1299112339500
1299112386580
1299112413930
1299112383517
1299112130164
1299112340413
1299112192634
1299112500000
1299112282537
1299112329995
1299112333293
1299112340646
1299112466411
1299112382779
1299112358666
1299112305672
1299112361285
1299112417736
1299112321662
1299112296622
1299112402258
1299112365637
1299112344655
1299112374203
1299112357353
1299112326618
1299112387793
1299112354568
1299112371798
1299112417946
1299112364102
1299112393447
1299112471367
1299112418676
1299112500000
1299112500000
1299112500000
1299112209050
1299112464211
1299112464814
1299112419637
1299112322157
1299112403649
1299112453431
1299112363447
1299112405121
1299112354405
1299112463905
1299112312309
1299112500000
1299112500000
1299112185809
1299112265902
1299112500000
1299112411229
1299112277468
1299112357333
1299112395506
1299112330596
1299112357702
1299112351682
1299112398573
1299112346228
1299112381832
1299112450960
1299112362492
1299112373232
1299112403261
1299112413837
1299112400516
1299112396143
1299112356302
1299112397969
1299112332340
1299112230859
1299112438287
1299112452179
1299112457618
1299112323644
1299112273073
1299112326430
1299112384492
1299112379339
1299112318998
1299112223200
1299112389676
1299112322406
1299112444250
1299112308948
1299112442780
1299112385790
1299112391235
24057645207
1299112192014
1299112377244
1299112383341
1299112337647
1299112284707
1299112426225
1299112286526
1299112331295
1299112357616
1299112439910
1299112384044
1299112371637
1299112300297
1299112431082
1299112372107
1299112431878
1299112433402
1299112439849
1299112500000
1299112397196
1299112436474
1299112439799
1299112310121
1299112428925
1299112435670
1299112368664
1299112500000
1299112500000
1299112500000
1299111943957
1299112351572
1299112377128
1299112351539
1299112372555
1299112440857
1299112378441
1299112367545
1299112364353
1299112442073
1299112379470
1299112285056
1299112500000
1299112381661
1299112362367
1299112456112
1299112360778
1299112374215
1299112360762
1299112345053
1299112437746
1299112361682
1299112334515
1299112372134
1299112415716
1299112422471
1299112358779
1299112416200
1299112423713
1299112337151
1299112373441
1299112500000
1299112347137
1299112500000
1299112500000
1299112343414
1299112500000
1299112356541
1299112500000
1299112321693
1299112444980
1299112269137
1299112439033
1299112500000
1299112369911
1299112444615
1299112423894
1299112396474
1299112444339
1299112417676
1299112366720
1299112344219
1299112353228
1299112330683
1299112414334
1299112500000
1299112409994
1299112298107
1299112500000
1299112322232
1299112418662
1299112500000
1299112356912
1299112500000
1299112500000
1299112456512
