43062741558112
44112186713300
44131792818858
44118162948745
44156307774573
44114262925485
44347579341621
44340994373256
44349568748532
44347147533408
44339179011317
44506275424319
44491465909478
44518356064956
44501267090732
44491818430487
44679606432897
44665890384750
7414363716595
44880400262717
44890057796339
44883498356771
44900531051092
44886169935761
45085178388069
45077431439677
45092859789972
45071766025612
45086710671750
45328059840674
45273284014278
45267382495073
45275133102160
45268062125309
45501449537275
45472306901818
45479152747227
45478432628064
45470667802380
45647659013623
45668075156745
45651201443941
45652469240264
45664913404803
45821753456099
45825024553059
45847868750218
45836073560468
45833930811669
45991499513522
45982525018135
45964808807957
45988310710952
45971297943057
46153880920370
46142349276501
46143398395360
46183651132814
46141434202543
46281024322761
46276624880200
46275668450557
46265880672748
46297864006190
46428611469849
46432290390466
46395564328464
46453721744036
46408400903825
2680974060261
46644341156656
46624724119884
46606189510575
46656704015282
46633711250066
46925262766881
46904724049810
46927219393034
46870708915483
46913725778099
48488660430128
48441996648710
48425742158361
48467729028870
48422618430331
50097623571599
50037101017223
50033728750245
50039884178602
50023572007849
51457371799579
51480210661612
51484328695677
51436305096054
51561630484359
52695769201618
52632062998373
52688198594883
52656428575500
52698475245923
53692128191299
53692274617788
53718525833346
53678180760496
53734064207709
54620749068274
54540056256308
54558261118661
54565954801188
54564624595285
55352182869066
55345179022403
55393512311115
55315899347109
55370570036034
55785442791568
55804659311128
55832272145525
55825612731195
55817551951677
56209589507958
56214203466758
56200950486097
56200605794543
56233651680643
56200234522949
56181240417897
56239930434140
56238729314498
56287748664298
55538415419929
55683442148064
55586200557900
55572376257548
55598946456088
54951967043958
54945284540442
55047407502580
54958184173763
55005086460854
1461848906867
53012038935401
53129398959256
53054264650654
53067586428127
53077093257534
52102136740350
52259695272489
52118888937003
52111993046595
52158105185541
51039271931263
51085688126284
51125891953814
51197235795804
51153751193701
50113207151200
50053257130692
50008117032042
50035020530529
50065523329152
49364702229506
49331784711617
49369835589639
49371512961011
49376918285757
50630179227975
50635192474428
50664364064121
50581662882879
50595059950428
51822096237726
51895491160349
51845812379834
51813820289762
51824644493346
53076374318828
52972009925370
52985066638018
52959051969589
53019455449194
53904796040931
53948623520450
54089385340655
53956056431273
54011795436997
54842054023315
54800187609264
54843894024505
54841408504899
54826126919709
55452545123521
55479510056908
55513791180806
55613106517558
55498215970359
55849684400582
55895810332283
55906548468208
55964689302343
55994912383928
56232303956655
56261212528456
56258930997021
56222669849066
56183929221841
56326861555899
56345759670831
56383542279079
56306787207321
56370130766027
56295161700155
56353945395987
56172138196321
56414162536374
56286206511165
56169636081002
56232832828650
56350489696576
56228340824176
56001126830683
55850582002272
55904678889668
55935958045773
55972850413731
55875265530025
55675785977953
55663375668732
55588290498183
55685546263282
55557329559657
55161427584336
55127747134083
55196171401351
55097826030231
55174039740115
54618140642075
54555116425149
54515420115989
54705658299396
54762282192756
54004307195146
54040029186677
53955325099027
53864033327050
54051877427774
53322346318179
53497433224530
53423332785024
941249486914
53493795935853
53560398196961
53503074459334
53400951535997
53463449521561
54145130762785
54109255854665
54103457192513
54146188952424
54141929612558
54896146172003
54989759668672
54991062912246
54860689602862
54867239510768
55616638380029
55699509218691
55567766825614
55802956503793
55656600564960
56356919879534
56394516069555
56454682404648
56359738314620
56401815102506
57012654763981
56946260367966
56995176979631
56909395109551
56901597080568
57456093388135
57408862973489
57393407179723
57493477921791
57486216613144
57889637683839
57795240143744
57787148513818
57888620668283
57873124615263
58124261893557
58162817714583
58516596272601
58172474695223
58246152644468
58441637938586
58359146749946
58463934903013
58439096200120
58516203354093
58530777418194
58427743440172
58538389674985
58439756103020
58573497711404
58291747339910
58303418566678
58316510104087
58233471281879
58276817068735
58131151481339
58302268559979
58159416525482
58095007531331
58077921323906
57538790123635
57434160280964
57427202782672
57452158824257
57476739034036
57237005156241
57152449079853
57220332734484
57296647897711
57110867255550
56864270823536
56811369384746
56858324038276
56935650182351
56992591325260
57180833452327
56511483034360
56591570561945
56517845063496
56483694672280
56254283084488
56047255541277
56107834321794
56171861068384
56270327461036
56136549769805
55875304030209
55876243761464
55853727616352
55846529604329
