53269.5815
73251.1347
73240.3652
73225.2670
73255.7330
73258.7621
74352.8379
74356.9471
74343.0986
74364.4855
74351.7005
74839.8260
74644.4229
74680.2346
74682.1195
74685.2909
74560.2481
74511.7212
74117.8476
74117.8476
74172.5076
74181.6092
74184.0198
74186.6865
73635.9962
73648.2321
73628.6137
73650.6605
73652.8621
72999.1630
73025.6375
73009.4700
72996.5294
73020.8763
72383.4631
72386.9321
72385.3018
72353.8620
72374.6654
71700.1292
71731.6752
71727.8594
71735.4352
71721.2569
71039.8237
71032.0346
71060.0896
71060.8513
71051.7327
70379.7927
70363.3174
70370.3663
70376.8746
70378.5658
69654.8276
69685.2811
69687.1330
69672.8376
69664.7301
68932.5920
68920.4360
68907.5453
68919.9405
68929.3922
68137.4253
68137.8162
68149.0705
68152.0517
68136.2933
66243.0163
66243.0163
66279.8441
66300.4192
66289.6807
66315.0954
65232.5066
65220.0569
65219.5296
65188.3601
65221.9827
62803.6673
62851.7007
62833.9757
62826.4083
62841.2914
61170.1815
61202.9617
61220.7632
61217.7729
61239.2644
59823.6965
59824.1285
59832.6806
59848.2334
59808.0391
58557.4124
58578.6462
58564.3591
58576.9688
58588.9857
57417.9763
57424.5842
57415.0105
57406.5397
57409.2790
56347.1868
56331.3312
56372.4182
56364.1114
56338.8379
55382.9468
55391.6216
55401.9458
55350.2976
55360.0721
54449.3483
54436.7393
54438.2630
54424.8344
54612.3424
53603.3988
53578.0698
53585.2016
53573.9076
53591.6021
52739.5722
52688.0844
52727.6971
52759.5824
52746.5081
51894.7793
51935.7974
51979.2097
51901.3488
51936.4399
51195.4546
51220.6125
51204.5606
51200.6159
51190.2502
49716.7705
49716.7705
49714.3400
49698.6251
49679.1959
49709.8777
48979.3390
49009.4099
48972.0866
48962.6326
48980.2522
48149.4704
48161.9997
48204.2632
48191.2884
48191.1492
47429.6747
47418.5257
47409.2380
47398.2851
47380.4755
46619.9574
46610.3117
46600.2181
46654.1450
46650.7949
46967.0410
46983.5339
46985.3106
46911.0419
46908.2160
47439.0905
47428.2111
47456.4992
47439.1516
47448.3117
48077.7172
48075.5076
47991.8515
48010.5961
48032.4211
48647.0366
48652.2144
48675.2384
48625.6148
48733.0488
49265.5811
49295.4899
49267.6232
49239.9195
49198.8196
49732.7717
49737.9778
49771.1404
49811.5871
49803.9151
50164.1235
50177.9164
50248.6212
50180.2040
50240.8579
50572.7926
50547.2986
50551.8245
50571.7080
50565.9151
50907.7501
50924.4998
50858.5861
50837.9729
50929.4920
51200.7257
51205.9166
51163.0367
51232.8259
51142.5703
51452.7655
51413.7850
51483.5488
51387.6699
51464.2294
51619.3107
51600.8330
51630.4767
51634.0214
51687.4710
51819.8151
51837.1109
51844.2503
51853.6101
51809.1836
52003.8162
51964.3489
51903.6576
51945.6976
51931.4439
52018.6613
52011.0329
52036.6887
52049.2724
52036.7188
52006.5271
52066.1307
52011.2623
52025.2286
52039.8036
51955.9090
51925.4304
51945.6890
30714.8572
51789.0012
51837.3818
51805.6854
51827.2457
51812.7211
51056.9060
51131.1803
51222.2158
51101.4351
51048.1859
50565.6921
50484.3405
50540.2920
50480.0506
50501.7970
50085.0618
50220.8794
50063.0005
50226.5784
50099.3579
49749.8134
49725.2532
49784.0482
49764.9513
49789.7912
49533.8990
49421.7558
49404.9641
49432.1158
49364.8738
49069.1074
48957.5813
49047.6966
49065.9984
49074.2653
48763.6672
48686.7386
48744.5557
48714.6313
48737.7055
48427.0344
48390.5770
48571.4881
48409.1896
48450.6644
48131.3395
48159.6521
48127.3888
48178.9007
48145.8354
47818.5228
47786.7134
47844.6554
47763.5565
47747.2177
47452.8637
47531.0260
47482.1493
47507.6214
47527.0383
47223.3779
47363.2608
47219.5457
47269.4553
47234.9475
46947.7534
46923.3559
46917.6467
46920.1990
46885.2655
46588.5754
46554.2658
46622.0980
46582.3928
46587.7847
46300.1406
46276.6743
46220.2620
46292.3508
46216.3735
45907.7377
45914.0635
45870.2529
45920.5678
45895.4256
45576.8294
45563.7582
45533.1492
45650.2969
45553.0289
45223.8806
45210.1178
45273.2917
45215.1632
45256.2680
