11435.7989
25659.4674
25593.3010
25625.7230
25545.4583
25660.7741
36659.4679
36664.1552
36650.5553
36657.7034
36662.3924
45404.5233
45683.9971
45662.3805
45691.6642
45709.9390
52545.2815
52535.6636
57165.8680
57165.8680
57180.1163
57183.9928
57129.3931
57180.8171
60932.1723
60940.0883
60899.0908
60941.1704
60919.7770
63823.1413
63904.6767
63908.4736
63907.2562
63916.9883
66135.4687
66181.2257
66181.3277
66143.1553
66167.9268
67888.4238
67885.3562
67893.8178
67887.1082
67887.2984
69176.5320
69188.4934
69190.2617
69166.5307
69168.2362
70231.8818
70221.1143
70260.8373
70225.5620
70238.6194
70998.9025
71004.5497
70999.6997
70953.5945
70994.0565
71540.0116
71515.7169
71517.0579
71532.9285
71497.7708
72026.2331
71989.7984
72038.6876
71964.6284
72006.3910
72764.5597
72764.5597
72767.6676
72824.1408
72780.6041
72755.9651
72708.5295
72722.1002
72699.3855
72736.5801
72700.6483
74319.4946
74334.1993
74329.3476
74326.3234
74331.0728
76104.9453
76133.1780
76153.9846
76110.9594
76083.7742
77857.5155
77846.0498
77887.5346
77836.4774
77760.8879
79735.5524
79697.8417
79724.3024
79502.7579
79563.0635
81644.3552
81641.9551
81720.5400
81638.8162
81637.6863
83461.5555
83523.9980
83469.8497
83497.4773
83513.8988
85213.9219
85262.6157
85214.5232
85300.0783
85177.2471
87078.3827
87056.7805
87134.2996
87101.7625
87010.1457
88786.5585
88812.2623
88781.0887
88836.3440
88748.0199
90626.3235
90687.3142
90559.9423
90564.2770
90528.9286
92417.6859
92195.4335
92319.8908
92390.5678
92267.4842
93974.2224
94030.2242
93845.8823
93958.1100
93921.3524
96804.8957
96804.8957
96694.0972
96741.7412
96781.2637
96766.4590
98181.6474
98022.6111
98185.5501
98254.5431
98124.8314
99704.6260
99686.8974
99688.9730
99544.2736
99600.1001
100835.2167
100874.3612
100928.7754
100843.2642
100839.3910
101227.1216
101272.3145
101208.5977
101235.5156
101252.4959
105126.1662
105294.5289
105230.3902
105203.5668
105091.1286
108800.4704
108691.3554
108897.1156
108827.5827
108840.9049
112589.0838
112562.7124
112448.1852
112572.2038
112453.5402
116638.8694
116476.5110
116217.4881
116473.9100
116650.2294
120462.4989
120666.8567
120521.0936
120451.1520
120414.3717
124019.8746
124006.8750
124072.2213
123949.2399
124184.5987
127793.5032
127832.7277
128071.6709
127615.5491
127812.5594
131503.2500
131343.4314
131398.4809
131368.1091
131465.6769
135090.6490
135047.5868
134816.7218
134949.5329
135061.2850
138652.3589
138545.3844
138726.1952
138258.0934
138432.5741
141968.9620
141562.2135
141612.9628
141617.9596
142374.7164
145275.5943
145005.9178
144936.9495
145022.2513
145354.7927
148081.9939
148263.7702
148226.1595
148114.8894
148205.6812
151289.5479
151376.5777
151135.0636
151485.0643
151268.0798
154063.2737
154324.4112
154379.9625
153888.5433
153868.2195
156806.2042
156784.8890
156979.1428
157117.6651
156843.6901
159386.4944
159043.0094
159192.2443
95349.5651
160472.3371
160414.7530
160484.0666
160621.0513
160578.7994
161346.8275
161467.4281
161498.2758
161253.4495
161256.6965
162861.9561
162666.1417
162693.1753
162918.2097
162910.2125
164324.7245
164050.9881
164372.6532
163501.0259
164064.8091
165295.1370
165142.3386
165059.4942
165287.3666
165223.2179
166586.2171
166701.1948
166734.8037
166678.6630
166912.1857
168176.2282
168250.3630
168178.4024
167954.2216
168022.2000
169343.2927
169498.7728
169664.8037
169290.7425
169228.8152
170814.3300
170953.9802
170002.5340
170775.7228
170587.8673
171900.4120
171884.1255
171881.0539
172018.4939
171693.7189
173107.6274
173462.0299
173210.2159
173261.8527
173263.1189
174316.3885
174390.7968
174359.6177
174601.3163
174334.3219
175396.0078
175039.6004
175496.1051
175641.7280
175615.7070
176713.7110
176908.2944
176909.1409
176836.1002
176936.6305
177464.2365
178105.8117
177971.6117
178258.0683
178467.5994
179495.4668
179527.6970
179320.3923
179322.5147
178917.7497
178427.2484
180435.1062
179939.5042
180317.0956
180458.7900
180721.3246
181481.3924
181353.0601
181156.7747
180592.0374
181169.5184
181624.6162
181631.4779
181456.7396
181236.4206
