71577.0035
99906.7345
99901.7851
99874.7764
99918.9381
99918.8023
102256.2187
102251.2315
102235.2571
102259.1976
102243.4493
103575.4159
103359.9763
103409.8476
103406.4551
103414.0672
103882.1039
103805.6892
103813.0661
103813.0661
103878.7928
103887.5984
103891.8283
103891.1344
103636.4057
103635.5436
103618.6494
103639.0883
103644.9536
103213.1002
103241.5728
103215.6300
103208.6766
103238.9217
102769.3171
102775.7535
102774.9046
102736.0959
102755.1429
102210.4366
102243.5382
102247.6070
102255.7145
102249.8739
101650.6700
101648.1587
101681.1703
101686.0971
101663.3020
101077.7476
101056.3678
101073.8642
101076.7031
101076.4789
100423.8588
100461.3302
100460.6807
100442.3996
100435.6331
99761.2865
99746.3368
99727.4489
99742.9384
99752.7023
99025.1551
99028.2109
99041.6938
99044.4314
99024.4347
97309.2169
97309.2169
97354.5104
97374.8049
97360.6951
97390.9223
96428.9599
96408.3510
96416.7987
96372.5824
96413.1609
92908.3796
92981.8030
92958.0282
92942.1563
92975.0462
90551.6173
90562.6050
90593.2563
90601.9540
90641.1319
88578.3585
88556.4133
88572.5423
88591.9630
88546.3894
86744.2065
86761.6608
86737.4719
86781.0321
86788.5506
85114.4496
85094.3003
85111.8525
85099.6605
85108.6134
83600.1491
83554.9443
83612.1692
83600.4335
83568.2812
82217.9053
82247.6806
82252.2377
82203.3969
82201.0883
80908.0080
80900.2062
80892.8922
80888.0309
81108.9483
79744.1804
79704.7221
79719.1388
79696.4230
79746.6741
78570.8217
78479.7182
78522.5656
78589.5217
78579.4551
77402.5605
77469.6393
77494.3411
77410.3789
77445.1207
76439.4701
76467.0527
76457.3814
76461.2703
76449.7887
74491.4895
74491.4895
74526.8010
74471.1036
74457.1394
74510.4281
73538.0049
73617.5108
73565.9121
73520.1799
73553.9983
72528.5839
72533.3024
72592.8487
72588.8599
72608.9110
71678.2140
71629.2241
71619.9186
71628.7403
71576.3030
70690.3893
70680.3651
70650.5842
70747.9178
70716.3804
71328.7101
71360.4714
71359.7051
71247.5277
71246.0565
72000.3017
71994.0979
72006.2795
71957.4222
71992.2093
72918.3797
72891.5426
72736.0516
72739.4943
72798.5968
73641.4969
73660.8272
73711.6397
73648.1305
73751.4428
74504.0988
74529.6768
74479.4689
74488.1438
74407.0621
75148.4626
75173.9988
75215.8380
75323.9930
75237.4123
75799.6668
75821.2095
75899.4088
75844.0961
75890.4677
76459.9276
76409.3464
76421.7427
76446.8833
76427.0248
77010.3542
76958.7035
76900.1011
76874.6788
77035.6597
77507.4955
77476.6707
77436.0575
77498.5601
77382.7993
77919.1264
77850.1806
77980.1230
77855.6333
77936.0591
78244.0734
78221.2932
78260.1814
78265.5773
78327.0092
78608.7578
78683.0200
78608.8043
78700.1092
78572.7953
78982.3629
78927.5731
78887.6799
78947.1853
78932.7032
79141.4680
79152.1947
79133.0339
79207.1058
79217.6198
79287.1480
79356.6219
79275.2666
79314.2928
79346.8498
79411.9943
79398.8765
79401.8645
47186.2113
79413.9081
79501.8215
79431.3350
79490.2769
79470.3310
78353.2081
78504.6484
78537.0374
78451.1171
78366.6474
77730.1634
77621.7046
77687.3365
77612.4641
77586.4627
76996.2160
77199.6507
76976.1565
77188.2154
77060.6522
76520.7722
76579.5696
76617.6830
76598.8844
76587.7531
76164.0743
76086.9445
75986.2597
76105.2416
76047.3844
75546.6486
75432.5839
75559.9125
75539.4275
75592.8252
75137.6191
75012.9454
75106.5515
75066.5407
75120.9189
74633.3963
74612.5766
74887.0869
74636.2891
74709.8232
74254.0938
74272.8022
74261.4228
74349.2927
74294.7251
73837.2634
73777.3241
73876.1417
73752.5672
73796.7913
73331.8005
73445.3577
73359.0686
73441.9408
73438.6486
73007.4253
73163.5723
73003.7516
73079.7277
73052.7686
72675.4571
72635.3306
72613.6029
72655.3111
72580.5790
72205.0274
72164.9649
72273.1661
72261.1210
72225.9023
71834.5159
71827.1184
71767.4773
71909.0864
71809.9427
71408.0269
71374.1494
71316.4013
71436.0058
71335.6615
71081.5842
70940.5831
70903.0801
71144.1589
70977.8011
70601.2367
70561.3379
70673.2599
70571.3458
70639.7124
