18307.4220
26655.5998
26661.4199
26649.5095
26663.2052
26660.0402
27903.3807
27894.2845
27892.1585
27894.7121
27891.7487
28735.5899
28715.5534
28729.6130
28724.3356
28728.7762
29321.8558
29293.9680
29695.2184
29695.2184
29706.2852
29705.9892
29707.8084
29704.4479
30000.4096
29987.3114
29990.0357
29988.4278
29992.0915
30213.9373
30215.9353
30206.1600
30212.1472
30218.0455
30385.8541
30388.8214
30389.6028
30382.2338
30380.4775
30510.3074
30511.8630
30519.7476
30520.2793
30528.6170
30610.8463
30616.1241
30621.0807
30625.2458
30611.5693
30697.9549
30693.0504
30703.4979
30699.8285
30697.9132
30769.0311
30776.0491
30773.5477
30769.5620
30770.9030
30828.6945
30825.9009
30819.9036
30822.9978
30823.3101
30887.7299
30890.3947
30892.6233
30892.3798
30888.1414
31066.2006
31066.2006
31074.6662
31074.3857
31071.0144
31075.8269
31196.4533
31188.2941
31197.2691
31184.2223
31191.1781
30104.7123
30130.1024
30124.0525
30115.7480
30133.7548
29381.4358
29359.6432
29372.4931
29384.1811
29401.8675
28754.6620
28732.2848
28739.8617
28743.7296
28738.3502
28186.7941
28183.0146
28173.1128
28204.0633
28199.5649
27696.4733
27669.7162
27696.8420
27693.1208
27699.3344
27252.9623
27223.6131
27239.7510
27236.3221
27229.4434
26834.9585
26856.0591
26850.2919
26853.0993
26841.0161
26458.6597
26463.4669
26454.6292
26463.1966
26496.6059
26140.7815
26126.6523
26133.9372
26122.5154
26155.0721
25831.2495
25791.6338
25794.8684
25829.9393
25832.9470
25507.7812
25533.8420
25515.1313
25509.0301
25508.6808
25244.0155
25246.4403
25252.8208
25260.6544
25259.5385
24774.7190
24774.7190
24812.4611
24772.4786
24777.9435
24800.5504
24558.6659
24608.1009
24593.8255
24557.5473
24573.7461
24379.1135
24371.3027
24388.5855
24397.5715
24417.7618
24248.5393
24210.6984
24210.6805
24230.4552
24195.8275
24070.4319
24070.0535
24050.3661
24093.7728
24065.5855
24361.6691
24376.9374
24374.3944
24336.4857
24337.8405
24561.2112
24565.8866
24549.7802
24518.2705
24543.8977
24840.6625
24816.0349
24744.2001
24728.8982
24766.1757
24994.4603
25008.6127
25036.4014
25022.5156
25018.3940
25238.5176
25234.1869
25211.8457
25248.2242
25208.2424
25415.6909
25436.0211
25444.6976
25512.4059
25433.4972
25635.5434
25643.2931
25650.7876
25663.8922
25649.6098
25887.1350
25862.0477
25869.9182
25875.1752
25861.1097
26102.6041
26034.2037
26041.5152
26036.7059
26106.1677
26306.7697
26270.7541
26273.0208
26265.7343
26240.2290
26466.3610
26436.3956
26496.5742
26467.9635
26471.8298
26624.7628
26620.4601
26629.7047
26631.5560
26639.5382
26788.9428
26845.9092
26764.5540
26846.4990
26763.6118
26978.5468
26963.2241
26984.0223
27001.4877
27001.2593
27122.8066
27141.1618
27096.3451
27157.8333
27180.9010
27280.6209
27290.4912
27264.0043
27289.0644
27307.0462
27456.0853
27473.4460
27456.1755
16471.3541
27624.9069
27664.4398
27625.6495
27663.0312
27657.6099
27296.3020
27373.4680
27314.8215
27349.6820
27318.4615
27164.4713
27137.3640
27147.0445
27132.4135
27084.6656
26911.1543
26978.7714
26913.1560
26961.6370
26961.2943
26770.9589
26854.3163
26833.6348
26833.9330
26797.9619
26630.1753
26665.1887
26581.2957
26673.1259
26682.5107
26477.5414
26475.0025
26512.2160
26473.4291
26518.5600
26373.9520
26326.2067
26361.9958
26351.9093
26383.2134
26206.3620
26221.9996
26315.5988
26227.0995
26259.1588
26122.7543
26113.1502
26134.0340
26170.3920
26148.8897
26018.7406
25990.6107
26031.4863
25989.0107
26049.5736
25878.9369
25914.3317
25876.9193
25934.3194
25911.6103
25784.0474
25800.3115
25784.2060
25810.2725
25817.8212
25727.7038
25711.9748
25695.9563
25735.1121
25695.3136
25616.4521
25610.6990
25651.0681
25678.7282
25638.1176
25534.3753
25550.4441
25547.2153
25616.7356
25593.5692
25500.2893
25460.0861
25446.1484
25515.4379
25440.2359
25504.7548
25376.8249
25369.9310
25493.8619
25424.7723
25377.3561
25351.2201
25399.9682
25356.1826
25383.4445
