0.4459
11.5900
0.3206
0.3207
0.3206
11.5888
0.3132
0.3132
0.3133
0.3132
0.3133
0.3092
0.3100
0.3097
11.1978
0.3097
0.3085
11.1548
10.8969
11.1539
0.3084
0.3084
0.3084
0.3084
0.3092
0.3092
0.3093
0.3092
0.3089
0.3104
0.3104
0.3104
0.3104
0.3104
22.2224
0.3115
0.3115
11.2706
0.3115
0.3131
0.3131
0.3131
0.3131
11.3243
0.3147
0.3147
0.3147
0.3147
0.3147
0.3168
0.3169
0.3168
0.3169
0.3168
0.3186
0.3186
0.3186
0.3186
0.3186
0.3207
0.3207
0.3207
0.3207
0.3207
0.3240
0.3240
0.3239
11.6915
0.3240
0.0194
0.3298
0.3296
0.3288
0.3293
11.8885
0.3328
0.3329
0.3328
0.3330
0.3329
24.5805
0.3440
0.3440
12.4578
0.3440
0.3540
0.3540
0.3540
0.3540
0.3540
0.3613
0.3613
0.3613
0.3613
0.3613
13.3492
0.3696
0.3696
13.3433
0.3696
0.3771
0.3772
0.3772
0.3772
0.3772
0.3839
0.3840
0.3840
0.3840
13.8568
0.3900
14.0789
0.3900
0.3900
0.3900
0.3953
0.3953
0.3953
0.3953
28.1576
14.5212
0.4023
0.4023
0.4023
28.6392
0.4087
0.4088
0.4088
0.4085
0.4086
0.4147
0.4146
0.4144
0.4147
14.9526
0.4200
29.8676
0.4200
0.4199
0.4200
0.0135
0.4289
0.4289
0.4289
15.5504
0.4289
0.4356
0.4356
0.4356
0.4357
0.4356
0.4420
0.4420
0.4420
0.4420
0.4420
0.4480
0.4480
0.4480
0.4480
0.4480
16.3808
0.4536
16.3897
0.4536
0.4536
0.7707
0.7571
0.7674
0.7725
0.7783
0.7710
34.5092
0.7689
0.7720
0.7721
0.7669
0.7698
0.7713
0.7698
0.7712
0.7644
0.7660
18.5158
0.7660
0.7628
0.7626
0.7608
0.7612
0.7637
0.7640
0.7632
0.7632
0.7613
0.7620
19.4285
0.7629
38.9340
0.7609
0.7644
0.7615
0.7625
0.7641
0.7640
0.7639
0.7632
0.7642
0.7642
0.7660
0.7659
0.7641
0.7647
0.7647
0.7647
0.7657
0.7657
0.7671
0.7683
0.7672
0.7673
0.7665
0.7693
22.0408
0.7704
0.7693
0.7680
0.7710
0.7709
22.5151
0.7708
22.5031
0.7728
22.9205
0.7729
0.7729
0.7729
0.7761
0.7761
0.7747
0.7760
0.7760
0.7784
0.7769
0.7785
0.7785
0.7784
0.7803
0.7817
47.6012
0.0126
0.7848
0.7827
0.7849
24.5901
0.7813
0.7993
0.7958
0.7958
25.1610
0.7975
0.8078
0.8078
0.8078
0.8078
0.8078
0.8170
120.6147
0.8170
0.8150
0.8170
0.8254
0.8254
0.8253
0.8254
0.8234
0.8310
0.8331
0.8310
0.8323
0.8310
0.8381
68.5099
0.8410
0.8383
0.8399
0.8461
0.8496
0.8461
0.8461
0.8461
0.8516
0.8519
0.8505
0.8515
0.8515
0.8586
0.8587
0.8586
0.8587
0.8587
0.8627
0.8661
0.8644
0.8629
0.8629
29.7988
0.8712
0.8685
0.8684
0.8685
0.8766
0.8736
0.8738
0.8738
0.8738
0.8814
33.2620
0.8814
0.8805
0.8798
0.8882
0.8857
0.8857
0.8857
0.8856
0.8894
0.8896
0.8910
0.8924
0.8898
0.8958
0.8959
0.8960
0.8958
0.8992
0.8985
0.9051
0.9043
0.9016
0.9018
32.7646
0.9073
32.7188
0.9072
0.9073
