220.4227
36578.9310
431.9176
432.5816
431.0362
36576.6594
604.3617
604.4684
604.3386
604.3150
604.4854
739.0313
745.1301
744.4183
62931.8508
745.1633
852.7136
72079.8916
77653.1875
78427.0028
927.9173
927.9017
926.9780
927.8187
991.1565
991.2936
990.7882
991.2771
990.8732
1042.4234
1043.4674
1043.7916
1043.8421
1043.6952
182220.7290
1085.5625
1085.5733
91694.4212
1085.5620
1119.7001
1119.2869
1119.3818
1119.1826
94559.8330
1147.2385
1147.4653
1147.1221
1146.6730
1146.9586
1171.3173
1171.3856
1171.8453
1171.2242
1171.4445
1191.7952
1191.4456
1191.3718
1190.8147
1191.5742
1208.9019
1208.6726
1208.9242
1209.0045
1208.2921
1226.1750
1225.5167
1226.1820
103483.2469
1225.8459
73.6664
1260.5722
1260.0396
1260.7546
1260.1836
106394.2531
1271.0921
1271.6010
1271.0924
1272.3262
1271.1624
226504.0158
1347.7507
1348.0076
113894.8207
1347.7920
1416.8165
1417.1702
1417.0778
1416.1413
1415.0236
1481.7889
1481.9378
1482.4575
1481.1610
1480.4842
130915.9138
1548.5190
1549.4653
130475.2660
1545.4212
1617.1642
1617.4996
1618.7231
1617.3359
1617.1430
1683.0824
1685.2527
1683.0077
1683.8010
142330.6828
1747.2101
147641.8784
1746.4932
1749.2854
1746.8155
1814.3402
1814.0651
1815.8443
1815.2753
303759.8538
158573.0601
1878.4933
1877.4949
1879.1990
315122.2007
1944.4650
1948.0327
1944.2346
1942.6713
1942.1617
2012.8152
2006.2360
2008.3040
2012.0213
169681.9337
2072.4852
348195.2564
2069.1702
2071.5392
2071.0398
67.5600
2190.7640
2187.2202
2189.9345
185125.0094
2189.3378
2250.7737
2244.7012
2250.0095
2252.9913
2248.9824
2317.4227
2316.8597
2315.0077
2311.7745
2312.4323
2371.5940
2374.1371
2375.7270
2373.4222
2375.0693
203947.0390
2415.3939
204023.8020
2412.2110
2413.6917
2484.5914
2487.4632
2485.9742
2489.2542
2486.6451
2547.4505
427494.3418
2549.5019
2549.6041
2548.6841
2602.9263
2603.2747
2606.1852
2608.9360
2604.0703
2670.0868
2665.6705
224551.7293
2666.0702
2666.3659
2725.7537
2729.4406
2727.9813
2726.0809
2728.2174
2782.1519
2780.9154
2780.8332
2774.0872
235079.5980
2842.2187
477401.7374
2844.6621
2836.5987
2839.2415
2899.3915
2897.7850
2898.5293
2896.9067
2899.8112
2957.3197
2958.3604
2955.5538
2959.4433
2955.7057
3015.7452
3014.6166
3020.1341
3007.5161
3015.8158
3071.5088
3065.4209
3061.4104
3066.4129
3079.6181
3130.0575
264022.0184
3122.1177
3123.7410
3128.4471
3175.6512
3176.5484
268553.5902
3172.6697
268639.8997
3229.0744
273156.0740
3229.6490
3234.6886
3230.6474
3281.6775
3286.7942
3288.7736
3275.2392
3274.3720
3334.1004
3330.7290
3338.2781
3339.5796
3332.3879
3383.8188
3377.0843
567704.4209
61.6340
3406.5774
3401.5898
3406.0793
287785.9358
3406.4175
3471.3947
3467.2882
3466.5200
292742.9387
3468.8605
3532.0824
3532.7652
3530.3672
3538.6606
3539.6726
3597.8018
1.199862e+06
3599.7891
3570.8640
3589.1080
3641.5284
3635.3690
3631.7375
3637.6443
3636.7607
3687.1718
3693.4566
3699.0963
3692.0701
3700.0543
3752.8305
631581.0028
3752.2208
3748.2353
3747.1029
3799.3821
3809.1898
3808.1695
3801.7987
3797.6577
3858.2970
3862.5289
3826.9519
3857.2757
3849.2402
3902.8405
3901.4877
3902.0157
3900.5203
3896.0155
3952.3987
3963.7077
3952.6602
3960.4627
3958.1187
338553.0708
4002.8831
4006.8757
4007.9017
4001.9526
4050.2422
4033.3848
4052.7569
4051.9038
4052.7976
4099.3000
346879.4770
4107.3281
4103.2762
4109.8362
4143.3499
4160.6380
4151.2791
4158.6532
4165.5722
4212.4253
4213.6154
4212.2482
4204.0027
4200.3042
4212.3123
4261.7353
4253.4713
4255.2606
4264.5948
4286.1028
4312.6840
4311.9131
4292.6508
4289.2984
365471.4441
4339.3061
366029.9482
4334.6809
4325.2275
