107.4050
117.9880
117.9688
118.0052
117.9774
117.9698
126.6465
126.6998
126.6268
126.6742
126.5790
134.7074
134.8630
134.8497
134.8690
134.8661
141.9966
141.9836
143.4989
143.4989
143.4268
143.4298
143.4989
143.4520
148.7507
148.7395
148.7689
148.8014
148.7560
153.4239
153.4672
153.5755
153.6421
153.5374
157.9813
157.9587
157.8766
157.7833
157.9208
162.1528
162.1577
162.1810
162.1203
162.0624
166.2830
166.2964
166.3062
166.2198
166.2279
170.1127
170.1132
170.1440
170.2636
170.2514
174.1090
174.0596
174.0595
174.1090
174.1036
177.3809
177.3366
177.5046
177.4397
177.3345
181.1116
181.0796
180.8902
181.0112
181.1345
190.2833
190.2833
190.2218
190.2701
190.3466
190.3621
193.4837
193.4180
193.3202
193.3539
193.3570
195.6689
195.5991
195.4882
195.4214
195.4575
201.0870
200.8741
200.9142
200.8814
200.9210
206.5825
206.5597
206.4767
206.5539
206.5873
212.1834
212.0326
212.1415
211.9083
211.9127
217.6815
217.6263
217.6200
217.6171
217.7412
223.2547
223.1474
223.0580
223.1053
223.1230
228.6065
228.5231
228.5173
228.5838
228.4441
233.7501
233.6027
233.6816
233.2416
232.8102
237.7185
237.5843
237.4477
237.5060
237.3475
241.9289
242.0936
241.9212
241.8110
241.7710
242.0602
241.8375
241.8471
242.0151
241.9333
244.4831
244.2626
244.5056
245.3083
245.1837
248.1937
248.1937
248.2696
248.2168
248.1725
248.1732
248.3061
248.2942
248.2534
248.3216
248.2513
248.3666
248.2785
248.3021
248.2438
248.2784
248.2775
248.2792
248.2478
248.2633
248.3412
248.3331
248.2174
248.2414
248.1157
248.3152
345.1814
345.1170
344.9638
345.1402
344.9485
351.1161
350.9918
351.0214
351.0050
351.0610
356.9264
356.6217
356.6312
356.5367
356.6646
363.7104
363.4295
363.0394
363.4267
363.5462
369.9335
369.6156
369.5986
369.6048
369.6945
375.9471
375.7500
375.7669
375.7490
375.7378
381.5122
381.4328
381.4163
381.1566
381.3048
386.6784
386.5176
386.5845
386.6240
386.5592
392.4316
392.1375
392.2922
392.1968
392.1971
397.6335
397.3284
397.4746
397.3970
397.3909
402.7738
402.5950
402.7438
402.2605
402.7709
407.5385
407.4158
407.4686
407.5203
407.5706
412.8150
412.3740
412.4698
412.5401
412.1831
417.1493
416.9551
417.0573
417.0341
417.1409
421.8500
421.7304
421.7642
421.7830
421.7677
426.2793
426.0547
426.1862
426.1814
426.0995
430.2982
430.0041
430.1113
246.1700
427.5996
427.4970
427.6468
427.3488
427.5726
429.5581
429.3392
429.3347
429.2885
429.3600
434.9321
434.8760
434.8691
434.8494
434.8911
440.4776
439.9807
440.3360
439.8471
440.0927
445.4258
445.2343
445.0640
445.2434
445.2105
450.2237
450.0064
450.1985
450.1088
450.2653
455.1671
455.2357
455.2434
455.2072
455.3210
459.5940
459.6345
459.3205
459.0974
459.5173
463.9202
464.2117
463.7747
463.9110
463.7917
468.3972
467.6998
468.3263
468.1832
468.2045
471.8994
472.1647
472.0684
471.9657
472.0533
471.9597
471.7361
471.8455
471.8419
471.6842
473.8023
473.6611
473.9660
473.8361
473.7623
467.3435
467.2801
467.4035
467.2474
467.3772
469.7234
470.9100
470.6661
471.0114
471.0108
474.0129
474.0463
474.1576
473.9839
473.9249
476.7702
476.8627
476.8384
476.9278
476.9526
479.7318
479.9977
479.9828
479.7172
479.7699
482.4090
482.5551
482.4051
482.0285
482.0362
