8.7669
10.5757
10.5740
10.5837
10.5655
10.5865
11.9100
11.9010
11.9054
11.9043
11.9036
12.8316
12.8558
12.8509
12.8599
12.8600
13.5692
13.5629
13.5342
13.5342
13.5303
13.5375
13.5308
13.5369
13.8833
13.8771
13.8737
13.8743
13.8669
14.1506
14.1508
14.1533
14.1610
14.1635
14.3931
14.4003
14.3969
14.3866
14.3864
14.5576
14.5548
14.5583
14.5611
14.5541
14.6992
14.6958
14.6901
14.6990
14.7073
14.8264
14.8176
14.8195
14.8118
14.8101
14.9165
14.9135
14.9102
14.9101
14.9123
14.9983
14.9997
14.9954
14.9928
14.9858
15.0553
15.0423
15.0477
15.0457
15.0456
16.0643
16.0643
16.0127
16.0261
16.0794
16.0875
16.1040
16.0836
16.0571
16.0775
16.0656
16.7210
16.6685
16.6781
16.6745
16.6471
17.2558
17.2515
17.2613
17.2469
17.2479
17.7722
17.7557
17.7499
17.7265
17.7261
18.2112
18.2015
18.1885
18.1715
18.1819
18.7107
18.6879
18.7119
18.6911
18.7060
19.1488
19.1361
19.1225
19.1378
19.1163
19.5282
19.5220
19.4963
19.5221
19.5022
19.9284
19.8944
19.8947
19.8869
19.8618
20.2293
20.2097
20.2047
20.2097
20.2166
20.6081
20.6214
20.5897
20.5655
20.5685
20.9974
20.9389
20.9578
20.9904
20.9801
21.4037
21.3991
21.3822
21.4753
21.4770
22.2386
22.2386
22.2086
22.2176
22.2170
22.2115
22.6247
22.5764
22.6325
22.6524
22.6376
23.0493
23.0684
23.0539
23.0268
23.0190
23.4445
23.4152
23.4243
23.4175
23.4273
23.6432
23.6574
23.6534
23.6505
23.6546
31.9833
31.9388
31.9109
31.8991
31.9080
32.5369
32.4376
32.4955
32.4754
32.4616
33.0337
32.9653
32.9678
32.9995
32.9593
33.5573
33.4294
33.3973
33.4528
33.4536
33.9409
33.9039
33.8840
33.8823
33.8837
34.3723
34.2594
34.2728
34.2404
34.2442
34.8224
34.7164
34.7373
34.6965
34.6921
35.2133
35.1192
35.1423
35.1035
35.1283
35.6617
35.5791
35.5379
35.5946
35.5822
36.1031
35.9837
36.0472
35.9670
35.9951
36.5255
36.4133
36.3960
36.3942
36.5650
36.9150
36.7780
36.7600
36.7764
36.8191
37.2575
37.1841
37.2213
37.2162
37.2118
37.7028
37.6239
37.6369
37.6861
37.6403
38.1141
38.0705
38.0794
38.0061
37.9942
38.4688
38.3874
38.4127
38.4590
38.3909
38.8206
38.7222
38.7149
23.2843
37.1707
37.1313
37.1744
37.1573
37.1694
37.6265
37.6184
37.5799
37.5696
37.5889
38.1928
38.1833
38.1516
38.1835
38.1768
38.6937
38.5353
38.7163
38.4999
38.6410
39.0671
39.0415
39.0212
39.0643
39.0484
39.4949
39.4609
39.4557
39.4441
39.5150
39.8889
39.9235
39.8671
39.8332
39.8350
40.2094
40.2692
40.2237
40.1770
40.2055
40.5901
40.6207
40.2987
40.5590
40.5191
40.8771
40.8378
40.8674
40.8679
40.8708
41.2229
41.2592
41.2108
41.2607
41.2309
41.6111
41.5670
41.6030
41.5984
41.5782
41.9269
41.8081
41.9453
41.9407
41.9230
42.2435
42.2769
42.3045
42.2874
42.2957
42.5150
42.7018
42.6513
42.6989
42.7324
43.0200
43.0489
43.0473
42.9946
42.9614
43.0642
43.3753
43.3137
43.3465
43.3760
43.5552
43.7317
43.6906
43.6220
43.5424
43.7633
43.8826
43.8620
43.8519
43.8060
