6259.0295
7787.1246
7806.8698
7794.8846
7822.8338
7787.6686
8368.0608
8366.5830
8368.3800
8368.7073
8366.3484
9124.6780
9049.9940
9058.6472
9052.5444
9049.5912
9885.0080
9879.5450
1815.9974
10895.9844
10900.1658
10900.3512
10911.2130
10901.3274
11905.9409
11904.2952
11910.3677
11904.4912
11909.3457
12937.3888
12924.4464
12920.4312
12919.8072
12921.6256
13985.2926
13976.4978
13976.3610
13979.1465
13976.5041
15055.6500
15061.2070
15059.9290
15062.6120
15061.7090
16163.8257
16160.6313
16165.4669
16171.7963
16167.7725
17270.4036
17269.3992
17262.6228
17271.7800
17268.5304
18387.7512
18393.1488
18394.2863
18402.8897
18391.1624
19522.7536
19526.4594
19522.3952
19521.0960
19532.6068
20622.7275
20633.8005
20622.6045
20644.3980
20628.2595
1337.3161
22734.3737
22743.9838
22731.0842
22741.3862
22756.1507
23872.3200
23862.7638
23872.3110
23849.1612
23870.9970
23752.3047
23766.3723
23761.8465
23758.7552
23765.6446
23796.5140
23790.5760
23792.1260
23807.8600
23826.6660
23891.6622
23889.2619
23880.8871
23901.7905
23912.7189
23933.7714
23949.9150
23935.2916
24014.0428
23997.9212
23977.5598
23972.5872
23954.4747
23975.0183
23977.8726
24039.8544
24008.8920
24040.9200
24029.5920
24015.6288
24121.0300
24115.9850
24130.9325
24092.4150
24126.4800
24157.6400
24161.3034
24137.6278
24145.1912
24236.6306
24250.2120
24231.1986
24244.0911
24222.1077
24261.5007
24275.3196
24230.8668
24278.1952
24297.7336
24304.1064
24288.3613
24368.0127
24342.9219
24297.9458
24341.2776
24402.2670
24396.5340
24441.3660
24413.4120
24419.3010
769.5013
24624.0416
24663.9424
24633.3728
24618.6944
24640.0832
24716.9835
24783.8514
24725.3820
24692.6592
24736.6746
24732.7730
24738.7808
24758.5756
24793.2012
24786.1496
24879.5750
24852.9225
24836.2975
24860.4195
24843.1750
25140.0420
25125.2604
25130.4840
25158.4128
25142.9832
25104.7146
25075.7325
25090.7471
25057.6913
25083.9835
25147.0548
25170.1322
25126.8236
25125.8166
25134.8872
25258.3695
25254.9882
25226.7834
25200.1854
25247.2740
25254.5320
25296.3720
25370.2400
25292.5760
25289.7720
25357.8358
25323.5803
25337.1267
25354.7936
25334.9291
25449.4338
25460.7486
25461.5046
25523.4126
25445.7588
25505.0974
25504.5169
25483.1889
25555.6310
25531.8434
25582.9156
25597.1012
25590.5276
25604.8672
25579.2152
25652.8935
25643.8620
25668.2160
25634.4750
25666.9020
25714.2760
25723.8946
25676.9010
25784.6284
25713.6642
25795.7714
25847.0014
25880.8649
25838.6354
25727.8470
25852.3488
25892.8896
25918.0896
25904.6304
25865.6496
26011.4638
26004.1138
25986.1798
26035.9050
25977.8645
26103.0450
26069.9400
26098.4050
26057.7450
26090.3350
26198.4246
26157.6348
26141.8962
26249.9244
26256.8757
26293.1656
26319.7844
26260.2652
26250.0264
26306.6752
26406.4762
26459.1370
26435.3241
494.8760
26723.3040
26762.4918
26727.2136
26724.2382
26724.5622
26709.0890
26740.7250
26746.6430
26757.9455
26728.5975
26727.4784
26722.3152
26740.4648
26677.7896
26670.1624
26707.9998
26823.2481
26693.2539
26909.4834
26772.6948
26850.1836
26895.6788
26922.5676
26878.8530
26885.3838
26975.1009
26929.1989
26888.1408
26939.3174
26881.1729
26952.6720
26900.1180
26957.0580
26985.7200
26993.8680
27065.7000
26996.0075
27003.2421
27048.4919
27077.9915
27089.4740
27059.7946
27311.3534
27096.6474
27153.2162
27213.4800
27222.9111
27219.2256
27229.6647
27261.1458
27298.5344
27220.6464
27296.7360
27242.9504
27259.0912
27344.3430
27375.0035
27347.7295
27340.7225
27381.3670
27472.0644
27586.8780
27455.0100
27460.7982
27454.7328
27554.4870
27508.9806
27500.6190
27527.7808
27483.8422
27667.2212
27552.2604
27614.3784
27565.4048
27519.6272
27613.9656
27606.1617
27615.1317
27669.2898
27693.6537
28014.5670
27689.6830
27743.4780
27731.8160
27671.1190
27925.8265
27753.7083
27758.6641
27883.2265
27905.0164
28058.1912
27972.0720
28015.3800
28001.9160
28063.1160
