4166.1417
6569.0648
6552.4503
6562.5251
6539.0786
6568.6059
9170.2164
9171.8363
9169.8667
9169.5079
9172.0934
11212.7126
11305.2441
11294.4451
11302.0591
11305.7474
12938.0722
12945.2265
2349.1256
14085.5418
14080.1383
14079.8991
14065.8833
14078.6381
15038.7048
15040.7836
15033.1155
15040.5362
15034.4054
15817.0074
15832.8463
15837.7668
15838.5321
15836.3034
16460.6040
16470.9607
16471.1219
16467.8401
16470.9538
16989.5679
16983.3003
16984.7410
16981.7160
16982.7336
17407.1435
17410.5834
17405.3755
17398.5629
17402.8930
17773.2242
17774.2597
17781.2353
17771.8089
17775.1525
18084.5864
18079.2795
18078.1607
18069.7097
18081.2323
18342.8122
18339.3319
18343.1487
18344.3705
18333.5596
18604.7115
18594.7256
18604.8212
18585.1802
18599.7202
1128.0087
19126.8998
19118.8179
19129.6679
19121.0022
19108.5970
19286.7523
19294.4753
19286.7587
19305.4797
19287.8213
20460.5755
20448.4635
20452.3586
20455.0183
20449.0896
21498.0490
21503.4136
21502.0136
21487.8035
21470.8430
22482.5532
22484.8127
22492.6979
22473.0265
22462.7568
23512.2979
23496.4495
23510.8059
23433.7028
23449.4466
24534.9158
24540.0038
24558.5593
24537.5145
24534.5943
25535.4763
25568.4068
25534.3425
25546.3797
25561.2345
26511.1347
26516.6808
26500.2553
26542.6222
26505.1454
27529.6878
27525.5128
27552.5123
27543.8781
27439.9652
28478.4169
28500.7632
28485.6074
28511.4599
28465.1653
29503.2751
29557.4029
29499.7829
29476.0598
29468.3294
30540.8049
30440.9763
30472.3543
30528.7601
30474.4138
31446.5035
31453.8940
31396.2001
31432.1465
31424.5715
1044.3502
33240.6260
33186.8461
33228.0320
33247.8414
33218.9797
34150.1117
34057.9726
34138.5138
34183.7524
34122.9292
35163.2813
35154.7416
35126.6364
35077.5785
35087.5587
35983.0100
36021.5982
36045.7112
36010.7394
36035.7362
36628.6103
36650.1619
36642.5417
36601.8641
36624.3259
37698.4936
37742.0618
37719.4791
37769.2362
37729.6478
38652.1017
38616.6646
38683.2241
38684.7725
38670.8118
39494.5835
39499.8692
39544.0358
39585.7749
39511.9427
40513.5706
40446.5581
40328.7923
40452.6292
40457.1142
41356.4684
41412.4103
41390.2696
41361.4295
41393.8595
42213.0790
42194.3130
42193.0690
42090.7195
42219.1711
43123.4668
43124.4424
43160.5383
43038.1855
43078.2936
43992.8802
43968.5012
43979.7960
43955.1696
43999.2438
44868.9039
44884.7019
44842.1190
44901.1367
44844.4153
45757.1556
45740.0447
45823.7605
45632.3039
45758.2444
46604.6566
46512.2882
46451.4304
46527.3432
46727.7034
47491.6786
47417.3242
47371.2206
47395.8330
47467.2562
48185.1328
48198.7486
48232.0140
48139.8924
48247.4543
48996.5151
49058.7296
49005.2308
49081.6860
49020.3845
49793.7746
49871.4190
49901.4497
49696.0880
49682.9295
50586.0861
50534.9336
50649.4689
50669.2185
50560.1104
51335.8238
51233.6538
51279.7974
966.0124
51686.3845
51610.7011
51678.8209
51684.5794
51683.9510
52672.7210
52610.4015
52598.7545
52576.5381
52634.2665
53593.4221
53603.7823
53567.3976
53693.2387
53708.5964
54590.1414
54355.5840
54620.2932
54181.3937
54458.2192
55254.0643
55160.6032
55105.5033
55195.1204
55181.7179
55946.0194
56041.3867
56126.9552
56020.3333
56141.5030
56941.0577
57052.2985
56931.7945
56871.3233
56854.1538
57649.0838
57797.9181
57782.4301
57685.7664
57622.9184
58542.5349
58606.7448
58066.9323
58527.0323
58405.1116
59213.6886
59193.1682
59201.1775
59178.4913
59110.1447
59966.5674
60138.1506
59970.5244
60088.9169
60053.3479
60802.3059
60734.2114
60794.7758
60810.3556
60720.0893
61449.3311
61193.5791
61487.4925
61474.5336
61488.1099
62193.7378
62296.6129
62315.5508
62254.0644
62353.5927
62866.7662
63129.0688
62987.0638
63098.9584
63203.9347
63914.0428
63932.1080
63911.3534
63786.2425
63730.1347
63913.4305
64663.3338
64537.9435
64565.0884
64706.7151
65032.2977
65435.6095
65423.9246
65131.6571
65080.7967
65636.9292
65839.0147
65737.2354
65768.8350
65625.4009
