5.0250
97.9009
12.3681
12.3681
12.3681
97.8995
18.5490
18.5490
18.5490
18.5490
18.5490
24.7338
24.7338
24.7338
114.2221
24.7338
30.9162
121.2420
97.0637
127.9910
37.0968
37.0968
37.0968
37.0968
43.2825
43.2825
43.2825
43.2825
43.2825
49.4643
49.4643
49.4643
49.4643
49.4643
239.3727
55.6493
55.6493
147.5109
55.6493
61.8302
61.8302
61.8302
61.8302
153.8895
68.0143
68.0143
68.0143
68.0143
68.0143
74.1946
74.1945
74.1946
74.1946
74.1946
80.3747
80.3747
80.3747
80.3747
80.3747
86.5636
86.5636
86.5636
86.5636
86.5636
92.7476
92.7476
92.7475
185.4080
92.7476
6.1303
105.1125
105.1123
105.1125
105.1123
197.8650
111.2942
111.2942
111.2940
111.2942
111.2942
303.2763
117.4850
117.4850
210.3493
117.4850
123.6594
123.6594
123.6594
123.6594
123.6594
129.8496
129.8496
129.8496
129.8496
129.8496
229.0913
136.0254
136.0254
229.0174
136.0254
142.2251
142.2251
142.2251
142.2251
142.2251
148.4059
148.4062
148.4062
148.4062
241.5474
154.5750
247.6645
154.5750
154.5750
154.5750
160.7584
160.7584
160.7584
160.7584
254.2198
260.1890
166.9542
166.9542
166.9542
260.4298
173.1289
173.1289
173.1289
173.1285
173.1289
179.3094
179.3094
179.3094
179.3094
272.5972
185.4907
278.9988
185.4908
185.4908
185.4907
6.0760
197.8604
197.8604
197.8604
291.1072
197.8604
204.0492
204.0492
204.0492
204.0492
204.0492
210.2216
210.2216
210.2216
210.2216
210.2216
216.4172
216.4172
216.4172
216.4172
216.4172
316.0187
222.5858
315.8933
222.5859
222.5858
228.7784
228.7784
228.7784
228.7784
228.7784
234.9616
328.5350
234.9623
234.9623
234.9623
241.1414
241.1414
241.1414
241.1414
241.1414
247.3245
247.3245
340.8213
247.3245
247.3245
253.5179
253.5179
253.5179
253.5179
253.5179
259.6960
259.6960
259.6960
259.6958
353.2222
265.8843
452.6596
265.8851
265.8852
265.8852
272.0567
272.0568
272.0567
272.0568
272.0567
278.2568
278.2568
278.2568
278.2568
278.2568
284.4299
284.4299
284.4299
284.4299
284.4298
290.6051
290.6052
290.6052
290.6041
290.6042
296.7958
390.2320
296.7958
296.7958
296.7958
302.9693
302.9693
396.4097
302.9693
396.4105
309.1478
402.6122
309.1478
309.1478
309.1478
315.3359
315.3359
315.3359
315.3359
315.3359
321.5380
321.5380
321.5380
321.5380
321.5380
327.7494
327.7494
421.3897
5.9976
333.9008
333.9008
333.9008
427.5428
333.9008
340.0656
340.0656
340.0656
433.5459
340.0656
346.2494
346.2494
346.2494
346.2494
346.2494
352.4350
539.7371
352.4366
352.4350
352.4350
358.6155
358.6155
358.6155
358.6155
358.6155
364.8021
364.8021
364.8021
364.8021
364.8020
370.9922
464.6541
370.9922
370.9922
370.9922
377.1654
377.1653
377.1653
377.1654
377.1654
383.3513
383.3515
383.3532
383.3515
383.3515
389.5640
389.5638
389.5638
389.5639
389.5640
395.7410
395.7410
395.7410
395.7410
395.7410
495.4460
401.9139
401.9140
401.9139
401.9139
408.1186
408.1185
408.1186
408.1186
408.1185
414.3014
507.8424
414.3014
414.3014
414.3014
420.4556
420.4556
420.4556
420.4556
420.4556
426.6436
426.6436
426.6436
426.6437
426.6436
432.8199
432.8199
432.8199
432.8199
432.8199
439.0080
439.0080
439.0079
439.0079
439.0080
538.7546
445.1946
538.7540
445.1946
445.1946
