15241.1	233514	279871	268969	17262.9	198.919	9816.22	228459	10636.6	124790	14965.1	110541	18672.7	50348.2	30852.4	7062.49	34185.6	25550.2	11794.6	3221.96	17031.6	5565.02
9702.02	132670	154064	198114	12322.9	171.184	6609.64	122809	6262.92	66041.9	10331.5	75372	13683.9	36665	22089	5875.27	23114.9	17365.5	8170.27	2264.47	11801	4060.7
8031.55	91048.1	108317	136412	8408.16	142.986	4496.29	85422.8	4053.19	44596	7273.81	51875.5	9921.25	26055.4	15163.3	4484.81	15776.3	11912.5	5789.33	1687.84	9231.97	3449.68
6988.02	70926	85934.7	104572	6497.75	133.505	3529.4	67229.6	3114.26	33605	5585.38	40235.4	7968.57	20752	11996.3	3802.38	12379.2	9526.05	4653.62	1374.76	7107.08	2856.88
6579.51	58745.9	73668.5	88423.5	5330.93	126.049	3123.27	55908.8	2648.11	27835	4829.34	35751.4	7141.51	18612.2	10725.3	3543.05	10851.4	8451.08	4222.12	1214.35	5880.51	2473.85
6478.29	50107.4	66269	75421.8	4591.87	124.915	2979.35	46512.8	2334.52	23865.3	4221.21	31628.3	6359.52	16194.2	9509.78	3237.11	9604.57	7515.35	3806	1089.91	4874.47	2162.85
6642.07	44575.1	62205.3	65927.8	4022.3	118.196	2817.85	39674.4	2276.15	21346.5	3801.95	28530.3	5766.34	14340.4	8735.66	2956.46	8760.94	6830.24	3470.97	986.362	4217.71	1950.93
7536.64	43806.9	63712.5	66602	3968.94	139.896	3329.66	39246.4	2314.62	20359.4	4200.54	31785.4	6458.37	15788.7	9823.12	3323.29	9785.85	7549.19	3854.7	1126.14	4925.18	2371.22
8295.16	44392.6	72043.1	72027.1	3663.8	142.772	3395.77	36176.9	2351.32	20574.6	4087.66	33047.5	6576.04	15858.9	10160.4	3430.84	10408.6	7977.8	4106.97	1134.92	4652.19	2284.33
8419.94	40626.7	65863.9	66201.4	3584.37	142.102	3417.8	33406.7	2387.56	18813	3938.24	32094	6435.27	15143.6	10029.5	3368.63	10220.3	7762.15	3992.25	1132.81	4365.91	2226.25
8540.32	37372.4	60770.9	58843.5	3562.47	141.601	3413.81	31201.3	2459.29	17620.3	3803.97	30904.3	6233.86	14523.5	9792.68	3276.61	9914.34	7483.17	3806.45	1109.33	4158.92	2162.55
8809.91	35289.5	59370.8	57544.8	3521.94	135.714	3322.81	29081	2476.18	16627.8	3603.61	29039	5848.6	13663.3	9418.07	3101.11	9463.48	7050.7	3526.63	1061.59	3782.69	2007.33
9207.87	34259.3	58931.3	56095	3471.5	130.111	3150.15	27455.3	2526.04	16210.1	3448.77	28054.7	5708.66	13072.5	9125.18	3028.05	9289.77	6858.43	3430.94	1003.31	3483.02	1892.34
9421.23	32436	55654.9	51665.4	3215.85	128.647	2951.15	23302.7	2216.76	14638.2	3214.26	25410.6	5282.1	12501	8414.12	2955.88	8603.24	6385.91	3233.2	943.593	3324.34	1863.28
15942.6	239851	287384	276061	17741.5	205.589	10104.5	233681	11065.3	128026	15410.2	114041	19179.6	51713.7	31666.5	7188.13	34980.7	26193.3	12097.7	3297.14	17445.9	5738.45
10014.5	138760	158397	207245	11558.7	169.756	6259.83	123664	6471.87	67659.1	10594	76541.7	13956.2	37246.8	22480.3	5957.61	23638.2	17711	8370.97	2328.23	11856.9	4091.39
9751.9	100837	132189	164734	9684.03	172.595	5082.79	84615.2	4434.66	51528	7792.78	58054.7	10733.7	28875	16754.4	4902.12	17792.9	13455.5	6768.59	1786.04	10349	3881.69
8494.2	84740.5	122845	147420	7795.44	171.321	4146.83	66482.8	3877.67	43472.1	6354.96	47431.8	9046.88	23877.1	14005.1	4343.19	15019.8	11372.8	5730.1	1513.84	8233.61	3313.18
7910.56	71115.4	104233	121862	6315.05	160.758	3702.5	54598.2	3234.52	35423.6	5550.12	41565.2	8049.12	21108	12375.4	4007.93	12937	9939.53	5051.6	1356.23	6972.68	2949.34
7793.07	60918	91565.5	103401	5293.13	154.22	3548.97	46142.6	2847.07	29750.3	4997.67	37599.2	7447.24	19107.1	11333.1	3790.98	11700.6	9056.58	4654.51	1283.88	6120.4	2710.32
8059.62	53198.7	84287.1	89142.6	4511.91	146.744	3467.4	40538.5	2585.97	25981.4	4613.7	35557.4	7010.7	17879.1	10878.2	3653.78	11022.2	8558.92	4407.76	1210.33	5475.4	2535.68
8501.29	48842.1	78305.9	81583.7	4032.11	144.824	3450	36710.6	2470.05	23075.8	4334.47	34634.2	6839.13	16946.6	10462.2	3537.82	10665.4	8228.46	4252.57	1165.26	5041.84	2422.47
8618.59	44114.4	71624.9	73601.7	3645.27	143.037	3459.6	33861.4	2416.49	20648.6	4156.9	33402.1	6675.12	15973.3	10327.6	3456.82	10389.6	7960.67	4127.58	1147.41	4669.89	2312.88
8842.85	40206	64994.9	66076.9	3542.6	140.425	3429.43	30744.1	2404.09	19057.1	3962.37	32116.4	6480.01	15235.9	10076.7	3362.88	10158.5	7729.77	3965.08	1133.92	4401.48	2233.55
9175.97	37939.3	61791.6	60733	3534.03	142.493	3439.34	28314	2405.23	17672.3	3841.47	30476.6	6087.69	14309.9	9636.66	3218.19	9809.98	7394.94	3759.05	1112.37	4114.24	2143.59
9244.72	35660.9	60915.5	56607.9	3518.83	132.848	3320.67	27297.8	2414.55	16335.2	3669.13	28574.5	5753.18	13348.2	9181.39	3029.85	9345.71	6979.7	3536.02	1040.02	3710.34	1966.91
9664.22	33760.6	60313.3	54124.6	3407.36	128.795	3163.76	24848.1	2425.41	15457.7	3487.9	27388.4	5442.82	12665.1	8846.8	2901.97	8981.42	6639.34	3336.01	970.246	3389.43	1838.5
9746.57	31860.6	56574.7	51132.1	3196.67	132.71	2976.23	23013.4	2280.9	14402.1	3244.45	24662.6	5122.95	12121.8	8223.01	2854.47	8310.52	6175.53	3166.86	907.566	3197.35	1786.16
12763.6	171917	226372	198097	13373.3	172.809	8509.58	171124	8666.44	94417.2	12949.4	104866	17599.3	45623.5	28411.3	6355.34	32697.8	24395.9	11133	3194.3	14304.9	4948.21
8947.05	106370	132190	166228	9812.67	158.262	5394.24	90193.6	4723	53761.5	8773.39	64603.8	11307.5	28617.5	17513.9	4548.75	19386.5	14431	7250.43	2048.77	10433.6	3871.23
8124.75	82291.6	124258	145484	7289.16	141.416	4209.82	62959.8	3707.29	43242.5	6528.54	48581.6	8834.86	21692	13552	3697.36	14839.3	11094.4	5590.75	1590.83	7679.95	3075.2
7319.84	75291.2	99457.5	125962	5588.03	126.084	3803.08	51779	3340.4	40766.7	5425.88	41808.4	7763.25	18276.3	12129	3242.6	13612.8	10089.2	5022.49	1387.54	6167.8	2646.1
7311.47	63444.6	86989.2	103263	4472.33	117.893	3550.69	42750.6	2755.63	32732	4842.77	37393.2	6878.64	16397.1	10763.8	2962.44	11549.6	8640.1	4385.66	1270.85	5232.27	2338.31
7430.41	55205.4	80136.9	88215.1	3824.24	114.723	3431.93	36544.3	4785.54	27658.7	4401.38	34837.9	6427.36	15110	10014.4	2823.95	10522.6	7926.07	4102.73	1200.86	4582.62	2131.82
7773.96	48445.5	76797.7	77789.1	3552.71	111.091	3384.06	32529.7	2432.21	23826	4123.63	33483.7	6154.24	14291.4	9693.92	2715.79	10182.8	7638.62	3949.55	1155.43	4151.19	1975.04
8255.64	44604.2	74664.4	70196.6	3483.27	107.644	3360.06	28609.2	2427.41	21445.8	3931.41	32749.2	6054.92	13684.4	9601.88	2645.28	10007.5	7479.54	3891.74	1124.31	3833.74	1860.08
8594.45	40228	68051.4	64935.3	3449.2	109.719	3399.68	25918.9	2413.05	19324.6	3796.3	32056.1	5994.43	13214.1	9510.66	2589.89	9922.55	7382.96	3820.46	1119.04	3618.25	1787.25
8803.39	37956.3	62640.6	60857.2	3524.39	105.199	3402.81	24591.3	2420.75	17849.7	3693.96	31526.5	5884.79	12823.2	9500.6	2540.71	9940.97	7347.96	3791.72	1116.38	3438.51	1724.61
9043.16	35461.2	60815	58821.3	3492.44	105.646	3407.73	22415.4	2438.26	16538.3	3601.07	30853.6	5736.19	12481.5	9472.14	2520.55	9924.66	7250.06	3721.19	1103.3	3299.61	1670.93
9324.73	33462.6	59806.6	55154.1	3447.68	98.3147	3393.47	20888.2	2564.79	15437.2	3504.25	29535.6	5522.13	12055.4	9266.86	2439.85	9706.99	7045.78	3531.3	1067.15	3098.13	1589.05
9834.72	32453.4	59750.3	51723.4	3423.3	100.365	3311.3	20188.8	2465.85	14743.7	3431	29125.1	5464.54	11840.4	9234.38	2407.2	9644.7	6972.51	3452.32	1041.7	2950.03	1534.33
10278.9	30478.9	56167.5	48877.2	3219.46	94.5415	3082.17	19283.3	2323.36	13727.8	3225.24	26661.4	5121.34	11146.5	8558.03	2392.99	8891.79	6459.87	3263.79	981.715	2842.05	1503.49
11312.3	132193	185066	156571	11232.9	149.458	7537.42	141310	7171.48	73442.8	11013	96313.8	16405.6	40853.1	26053.8	5813.66	30444.6	22759.8	10326.3	2918.7	13612.7	4787.02
8391.21	93338.6	117720	144353	9182.54	147.505	5049.63	79731	3948.35	44064.1	7905.15	59364.3	10476.2	25027.9	16153.2	4033.14	17999	13322.2	6686.1	1908.1	9446.64	3601.85
7180.8	72890	111529	135935	6268.27	124.228	4034.02	58879.5	3172.16	38486.7	5919.74	44883.4	8178.8	19200.3	12761.8	3299.15	13985.4	10353	5215.95	1511.26	6725.57	2772.75
6588.55	58159.4	91039.9	105699	4828.22	113.405	3646.44	47211.6	2605.59	29549.2	5006.24	38247.5	7014.57	16415.5	10951.3	2899.09	11655.2	8681.24	4469.83	1325.83	5403.62	2333.14
6573.45	48935.2	81067.9	86288.2	3957.9	106.341	3418.26	38225.9	2460.54	24445.8	4474.43	35048.2	6353	14837.1	10010.4	2650.36	10562.9	7929.37	4091.38	1214.82	4583.72	2081.41
6761.55	42932.9	72906.7	74537.7	3498.56	106.112	3321.8	29966.2	2168.55	20538.5	4094.69	33024.6	6031.94	13648.2	9509.11	2491.53	9950.11	7441.1	3862.67	1155.07	4038.73	1907.72
6866.4	37972.4	64941.4	66204.9	3409.63	99.7227	3282.53	26511.2	2114.27	18149	3852.48	32125.6	5837.51	13022.9	9240.95	2389.99	9708.58	7217.88	3732.28	1110.85	3710.93	1772.5
7017.47	35327.1	60634.3	60398.4	3383.61	99.0186	3259.82	24519.6	2121.28	16950.9	3685.85	31425.5	5725.49	12455.4	9167.14	2326.9	9564.5	7094.76	3693.56	1081.26	3423.8	1686.14
7720.71	39139.2	67309.8	59498.1	3408.19	93.275	3305.81	22995	2284.79	17590	3586.58	30814.4	5680.91	12081.6	9106.53	2290.6	9578.86	7067.08	3650.01	1085.88	3250.68	1619.16
7825.85	35756.7	59116.5	57026.5	3413.95	96.4031	3307.41	21231.1	2681.67	16475.4	3472.68	30249.1	5585.65	11828.6	9095.4	2264.67	9545.67	7015.67	3616.57	1078	3107.96	1556.47
7903.2	33224.1	57515	55584.2	3407.51	92.8313	3327.58	19797	2319.83	15543.4	3421.04	29710.6	5482.37	11589.9	9073.89	2229.4	9535.68	6929.9	3556.69	1063.06	3020.24	1529.85
8124.17	31180.2	57392.2	50409.3	3374.81	90.1881	3327.48	18595.6	2329.01	14769.7	3337.29	29089.8	5352.64	11387.5	9077.75	2191	9529.4	6902.05	3471.78	1038.6	2842.15	1442.5
8576.33	29875.7	58060.7	49835.5	3315.36	84.1225	3211.41	17703.1	2379.2	14145.4	3269.21	28505	5279.12	11218.6	9124.34	2163.56	9545.13	6840.12	3410.13	1007.32	2722.87	1392.73
8768.27	28466	54671.5	48188.4	3097.2	82.378	2999.79	16799	2249.3	13182.1	3076.85	26218.4	4943.38	10583.4	8505.7	2157.01	8847.61	6375.57	3248.27	944.387	2619.02	1352.39
11090.7	128722	183552	153131	11022.1	151.606	7486.85	134290	7242.26	73582	11055.6	94510.9	16211.3	37902.8	25603.4	5488.71	29741.9	21778.1	10212.7	2912.77	12556.7	4599.94
13074.3	181047	234288	208274	13356.8	177.698	7872.67	176436	8294.25	99021.7	12405.9	93811.3	16167.1	35089.5	25873.5	5199.38	29096	20693.4	10310.5	3045.5	13742.5	5198.51
8240.43	90027.2	117358	141041	8068.05	140.075	4902.57	73117.3	3972.9	44460.7	7362.45	55664.6	9864.23	22550.4	15448.9	3678.66	17089.2	12498.1	6318.82	1842.27	8440.46	3303.1
7718.4	108843	126654	157636	6992.64	123.91	4824.6	90499.1	4722.3	51405.2	6981.23	53428.5	9508.4	20461.3	15169.4	3441.22	16595.4	12001.5	6070.84	1783.72	7481.47	3060.05
6846.78	71217.3	101529	126148	5528.08	114.401	3966.02	53775.9	3246.38	38451.9	5546.27	42802.2	7756.72	17540.7	12293.7	3029.69	13493.9	9856.65	4979.15	1451.99	6081.59	2549.86
6486.61	75570.6	93856.5	109991	4908.41	103.049	3945.41	61694.9	3882.3	35472.4	5255.11	41759.4	7519.21	16056.1	12064.3	2809.14	13234.8	9602.62	4821.58	1435.66	5421.7	2352.2
6530.71	67642.3	84958.6	98587.2	4304.08	101.533	3553.51	43935	2968.14	31706.7	4725.43	37865.4	6952.48	15010.5	11092.9	2677.67	12461.8	9107.58	4532.13	1273.62	4970.55	2243.67
6143.77	59501	80582.8	85616.4	4105.58	92.4994	3601.41	47285.2	3529.07	27501.2	4491.73	37523.5	6796.49	13950.5	11093	2496.14	12453.3	9061.32	4485.57	1268.23	4483.54	2059.78
6680.16	56390.7	76599.8	80838.1	3694.11	95.4334	3358.86	36203.9	2641.65	25782	4222.4	34227.2	6136.82	13649.1	9776.28	2447.06	10622.2	7821.13	3969.9	1177.19	4212.9	1958.12
6246.27	50834.7	74591.5	72051.7	3813.44	83.6216	3389.08	38685.2	3370.13	22745.4	4039.82	33779.6	5997.52	12865.9	9756.75	2289.37	10559.9	7713.32	3899.9	1175.28	3808.39	1805.15
6978.26	49653.2	72883	70318.2	3475.67	88.9681	3252.02	30892.6	2515.04	22094.2	3886.15	31912.8	5762.46	12734.1	9212.11	2304.04	9696.47	7173.07	3699.88	1124.93	3711.31	1770.3
6458.01	45586.6	72108.6	63979.9	3629.06	79.5167	3272.75	32739.9	3243.39	19835.7	3736.67	32023.3	5630.25	12043.9	9169.32	2182.78	9573.54	7035.41	3648.56	1117.07	3391.62	1622.32
7445.42	44858.2	71038.8	64011.1	3386.91	85.7148	3188.36	27367.7	2475.5	19607.8	3666.16	31125.3	5574.89	12009	8953.43	2194.84	9366.97	6926.41	3603.4	1077.44	3368.7	1641.49
6779.19	41918	71360.4	59238.9	3579.26	78.6406	3236.95	28631.7	3218.54	17800.4	3551.65	30965.6	5513.55	11524.2	8951.01	2065.96	9321.22	6848.12	3547.81	1081.02	3067.35	1516.21
7848.62	41541.2	69855.4	58634.8	3378.23	85.3794	3214.77	24684	2511.35	17703.3	3515.44	30298.9	5531.36	11591.6	8803.78	2133.33	9184.6	6793.18	3541.04	1064.83	3150.04	1553.84
7146.86	39708.1	70242.7	56158.8	3576.48	76.3322	3226.43	25669	3203.74	16483.9	3426.14	30421.3	5424.69	11123.8	8837.43	2024.26	9179.92	6731.63	3517.54	1059.73	2889.89	1435.25
8260.93	38141.7	63660.8	56045.9	3399.5	89.0711	3203.47	22675.2	2552.12	16467.6	3404.31	29826.1	5426.21	11301	8816.96	2090.42	9210.96	6774.56	3492.41	1053.66	2959.74	1485.31
7452.52	38300.9	67858.7	55270.2	3616.84	73.6225	3262.25	23236.3	3236.64	15793.4	3362.2	29936.5	5372.57	10901.1	8823.96	1974.74	9220.13	6718.22	3470.11	1066.62	2747.85	1393.59
8474.38	35882.6	59148.9	54603.3	3394.95	85.7373	3238.35	20903	2596.52	15559	3332.23	29335.4	5360.3	11092	8795.94	2047.72	9187.85	6722.05	3462.14	1038.93	2884.8	1450.77
7822.19	37603.5	64377.8	54153.3	3626.6	74.2181	3263.36	21287.6	3254.39	15419.5	3287.54	29375.9	5301.19	10734.2	8868.78	1949.49	9234.59	6717.97	3438.98	1060.61	2698.68	1349.43
8718.04	33823.5	58020.9	53292	3408.17	82.9991	3269.1	19442.4	2611.61	15118.6	3292.69	28834.1	5234.59	10864.7	8807.95	2039.62	9230.81	6690.56	3402.36	1040.18	2779.68	1412.34
8101.26	36846	61659.2	53201.9	3636.98	75.3066	3307.87	19683.9	3241.9	15048.6	3236.26	28960.2	5241.14	10583.8	8905.46	1926.63	9314.3	6705.28	3395.88	1046.8	2637.16	1334.45
9041.85	31347.9	57222	51968.5	3392.41	81.9259	3257.4	18242	2626.26	14619.7	3210.38	28250.3	5170.73	10722.2	8860.66	2038.47	9235.87	6656.63	3380.82	1015.04	2671.94	1348.52
8248.02	35395.2	60571.6	52415.7	3672.36	69.9287	3326.74	18542.4	3275.45	14720.6	3204.79	28557.2	5183.33	10579.2	8951.79	1933.29	9320.44	6672.78	3356.21	1027.94	2578.65	1297.33
9568.83	30206.5	57372.6	47884.9	3310.17	79.4279	3163.27	17184.9	2624.17	13558.4	3157.31	27691.2	5077.69	10572.9	8837.66	1992.85	9183.59	6562.06	3284.25	973.857	2555.16	1300.76
8552.45	33553.8	60195	51488.1	3673.55	71.0894	3349.54	17515.3	3301.84	14491.8	3171.46	28270.3	5119.28	10520.4	9064.12	1918.04	9432.46	6665.99	3338.49	997.662	2515.48	1258.53
9908.97	28576	53924.4	46271.3	3119.56	76.4433	2976.31	16333.5	2494.27	12794.8	2971.72	25433.9	4737.16	9821.81	8198.58	1941.09	8498.81	6104.12	3115.69	926.696	2456.91	1238.05
8783.02	31823.4	56803	48826.5	3485.72	73.0662	3157.1	16541.9	3116.09	13742.9	3007.3	26069.9	4807.51	9694.61	8370.85	1820.23	8699.8	6185.2	3138.77	940.317	2418.13	1215.48
13809.1	198274	250251	227948	14607.4	186.967	7976.01	192864	8920.66	107449	13033.9	97063.2	16594	37050.5	26242.1	5419.88	29682.8	21173.9	10552.6	3111.65	14628.3	5406.88
8118.97	116656	134252	170103	7611.84	131.897	4826.69	98773.7	4938	55679.3	7271.38	54606.4	9748.46	21572	15365.9	3592.24	16904	12267	6198.34	1811.02	7968.22	3192.54
6646.53	80541.5	97757.4	117468	5229.67	110.516	3956.46	67631.9	3936.1	38055.3	5450.43	42426.8	7697.13	16697.6	12175	2932.97	13372.3	9746.89	4926.91	1454.01	5720.95	2454.74
6249.59	63558.1	82659.9	91142	4218.07	100.36	3587.6	51640.7	3516.12	29439.6	4618.75	37900.6	6893.29	14503.1	11184.3	2589.7	12487.9	9105	4531.78	1269.36	4715.32	2134.94
6359.68	53595.5	75700	76219.5	3820.46	91.0949	3383.95	41688.7	3361.67	24379.8	4148.84	33924.5	6077.07	13174.3	9792.94	2361.33	10601.1	7760.6	3919.02	1180.52	3994.72	1862.01
6592.73	47302.6	72494.4	67153.4	3637.85	88.248	3242.88	35536.7	3231.59	21097.8	3813.27	32039.8	5689.69	12359.6	9231.21	2233.29	9663.26	7120.63	3685.51	1113.56	3518.02	1685.95
6844.64	43412.3	71220.4	60792	3564.7	83.3534	3227.43	31101.7	3213.93	18767.8	3612.87	31133.4	5535.34	11752.1	8915.89	2126.7	9327.94	6858.11	3577.23	1086.94	3213.43	1566.11
7207.18	40538.3	70097.2	57411.4	3587.93	79.5578	3211.61	27542.4	3213.93	17136.4	3482.03	30393.7	5470.95	11392.6	8881.49	2055.54	9252.3	6807.31	3530.12	1062.16	2992.14	1481.06
7589.28	38958.5	67990	55460.2	3585.54	79.204	3245.67	25029.2	3214.72	16120.3	3399.55	30064	5402.91	11070.9	8842.16	2035.51	9201.52	6736.06	3497.52	1061.24	2868.36	1444.32
7922.13	37893.8	64772.4	54537.3	3632.76	78.8383	3269.32	22804.7	3233.95	15575.7	3316.97	29408.4	5316.08	10922.3	8874.93	2005.42	9260.2	6745.74	3451.68	1057.51	2764.95	1381.3
8192.65	37201.4	61813	53098.8	3627.62	75.4623	3261.16	21030.9	3252.33	15191.6	3278.39	29023	5261.18	10725.8	8831.92	1982.06	9252.25	6682.71	3420.8	1049.35	2711.04	1358.24
8459.43	35987.6	60020	52147.4	3627.03	73.1465	3295.61	19739.3	3244.57	14762.9	3223.11	28631.4	5163.42	10624	8914.04	1958.15	9346.91	6664.45	3376.75	1022.83	2637.93	1338.42
8730.35	34091.2	59854.5	51103.5	3678.06	80.3621	3314.19	18617.5	3272.17	14505	3201.65	28178.6	5131.26	10558.9	8997.22	1962.02	9350.8	6654.45	3341.95	1000.17	2589.05	1303.49
8945.16	32208.1	56473.9	48572.2	3455.54	78.2023	3110.24	17624.6	3092.05	13682	3003.26	25871.6	4806.57	9746.03	8329.42	1872.08	8634.94	6164.37	3138.92	932.534	2482.12	1244.07
14321.5	206810	258169	236408	15142	190.165	8231.29	201073	9292.24	111574	13587.8	100751	17299.4	38366.4	27337	5643.7	30870.2	22034	10983.4	3259.64	15120.2	5640.8
8363.49	120316	138297	175087	7815.04	141.033	4994.56	102514	5204.96	57242.4	7492.89	56397.1	10028.5	22131.7	15832.1	3713.89	17385	12626.2	6391.23	1875.69	8203.4	3318.16
6872.48	83467.2	101039	120380	5410.87	111.468	4079.63	69805.3	4024.65	39183.9	5621.64	43986.4	7936.1	17210.6	12584.8	3032	13833.4	10079.6	5083.6	1496.94	5888.01	2543.18
6461.63	65570.1	84716.4	94039	4338.95	100.732	3677.08	52977	3634.43	30284.8	4758	39147	7089.56	14922.7	11447.8	2667.28	12825	9345.54	4639.13	1303.58	4860.14	2219.05
6516.08	55163.3	77739.5	78889.5	3915.12	91.5828	3493.79	43180.7	3477.09	25172.6	4262.39	34991.7	6279.62	13636.4	10062.5	2453.17	10840.4	7920.3	4028.91	1220.52	4111.75	1937.61
6759.79	48608.4	74792	68618.9	3763.46	88.5109	3341.05	36747.4	3337.09	21656.4	3915.65	33102.9	5862.52	12732.6	9509.14	2297.49	9971.51	7336.4	3805.82	1151.63	3631.52	1751.31
6992.47	44488.3	73337.6	62538.7	3674.32	85.8634	3316.57	31772.9	4385.18	19245.3	3710.9	32157.5	5692.14	12120.6	9194.15	2198.02	9612.24	7069.25	3685.01	1112.79	3320.56	1626.79
7308.18	41823.7	72260.7	59222.5	3705.98	84.4853	3319.55	28425	3981.44	17671.4	3568.21	31320.3	5675.59	11727.2	9168.93	2122.49	9541.11	7013.39	3649.89	1094.86	3081.29	1533.39
7691.14	40121.3	69986.3	57093.1	3695.79	83.2678	3348.56	25804.3	3311.74	16636.7	3478.79	30967.6	5589.95	11422.6	9100.88	2074.02	9464.31	6951.45	3611.16	1092.38	2953.25	1476.26
7980.57	39175.7	66897.7	56302.9	3737.55	84.1153	3367.88	23556.3	3334.64	16096.2	3432.03	30420.5	5507.26	11251.7	9144.6	2051.4	9567.1	6983.3	3555.48	1091.28	2849.6	1437.95
8361.51	38542	63743.8	55174.2	3743.74	79.1939	3370.41	21865.2	3383.28	15728.5	3380.49	29838.5	5404.22	11067.7	9174.78	2049.64	9587.57	6911.33	3510.74	1071.75	2785.96	1408.86
8558.11	37297.6	62240.2	54061.6	3743.28	79.9892	3407.84	20394.9	3348.09	15248.8	3337.72	29617	5321.84	10967.3	9244.52	2026.54	9648.44	6940.62	3495.86	1057.38	2727.87	1369.68
8837.04	35246.5	62154.1	52965.9	3787.3	76.3457	3426.81	19189.3	3381.93	14904.9	3305.49	29154.4	5306.47	10968.9	9280.76	2041.3	9648.53	6870.61	3475.9	1028.56	2675.71	1346.71
9035.25	33218.4	58223.4	50294.5	3560.43	80.7673	3242.69	18109.8	3186.41	14089.5	3118.9	26766.5	4983.74	10110.7	8548.76	1931.57	8856.54	6346.24	3246.5	964.948	2555.23	1289.65
13015.9	181401	234268	208495	13350	181.959	7876.94	176801	8300.56	99046.4	12424.6	93928.5	16189.4	35190.2	25964.7	5244.86	29129.2	20714.1	10335.9	3041.9	13772.6	5206.9
13039.7	181131	234405	208346	13344.7	180.156	7866.82	176552	8304.87	99057.5	12410.2	93689.8	16226.3	35057.3	25921.4	5235.07	29097	20675.1	10333.6	3025.8	13762	5203.61
7704.88	109210	126759	158524	6979.47	124.21	4819.72	90836.8	4718.69	51519.4	6984.5	53424.2	9483.25	20533.5	15159.7	3458.14	16631.3	12033.3	6094	1787.65	7482.77	3053.96
7710.2	109063	126892	157973	6982.17	127.213	4801.88	90680.5	4753.69	51433.3	6959.07	53351.1	9492.99	20492.3	15226.7	3454.88	16638.7	12068.2	6091.01	1786.87	7491.01	3056.31
6517.09	75725.3	93858.3	110101	4926.8	102.177	3969.09	61702.8	3877.32	35503	5257.91	41989.3	7512.3	16117.8	12062.8	2819.72	13230.4	9619.86	4845.42	1437.18	5408.72	2370.83
6476.11	75706.6	93884.8	110619	4923.44	104.182	3978.41	61692.2	3926.61	35470	5259.63	41841.8	7537.24	16123	12074.2	2818.81	13227.4	9603.15	4835.29	1437.94	5411.32	2357.96
6138.26	59536.5	80727.4	85878.6	4091.16	87.91	3605.67	47286.5	3540.67	27544.7	4510.76	37685.8	6830.13	13988.7	11106.4	2513.58	12476.8	9065.12	4504.27	1271.88	4474.05	2074.84
6180.1	59562.6	80734.6	85906	4124.29	90.1679	3617.85	47326.7	3540.93	27545.9	4502.72	37632.2	6828.05	13977.8	11100.3	2503.1	12457	9063.45	4495.77	1272.39	4474.71	2069.16
6303.3	50878.5	74689.8	72276	3812.62	87.7412	3370.9	38726.3	3374.01	22777.6	4037.75	33966.1	6030.94	12814	9756.77	2291.01	10577.3	7729.46	3891.54	1172.21	3814.81	1804.2
6246.67	50893.2	74709	72322.7	3807.42	85.6846	3371.13	38702.7	3368.38	22784.5	4045.05	33802	5997.43	12896.8	9766.12	2291.55	10572.8	7695.21	3896.07	1170.56	3812.1	1809.01
6446.33	45608.9	72277.6	64027.8	3612.56	78.6229	3272.49	32796.3	3242.73	19842	3740.01	32079.8	5632.12	11984	9168.53	2154.66	9588.21	7054.34	3656.1	1117.37	3398.63	1629.16
6466.32	45653.5	72178.2	64004.3	3623.73	81.3425	3274.15	32809.9	3240.49	19862	3738.61	32022.7	5621.47	12007.9	9176.32	2185.2	9589.66	7039.96	3653.79	1118.08	3394.45	1645.35
6735.33	41973.2	71260.1	59285.9	3582.56	77.8035	3232.03	28629.1	3216.81	17815	3556.08	31004.8	5501.03	11536.3	8935.69	2055.9	9363.96	6845.76	3548.2	1084.93	3073.59	1521.2
6747.07	41939.3	71202.3	59087.8	3586.29	78.9437	3231.29	28630.7	3213.31	17822.2	3550.28	30977.8	5470.78	11572.3	8938.96	2089.4	9338.7	6827.91	3546.46	1078.99	3073.13	1520.1
7107.94	39732.8	69983.8	56140.8	3584.98	74.3186	3243.12	25678	3202.34	16488	3428.04	30478.6	5445.55	11151.4	8848.81	1995.98	9200.51	6743.16	3524.56	1064.8	2894.75	1451.24
7122.35	39696.6	70010.9	56083.3	3565.03	75.3791	3231.59	25638.7	3204.32	16476.9	3427.18	30395.2	5449.99	11153.8	8842.72	2027.31	9192.01	6740.76	3524.75	1058.02	2906.78	1442.59
7427.1	38350.1	68019.8	55307.4	3613.42	76.2473	3265.37	23256.9	3234.87	15786.5	3343.25	29878.7	5367.83	10851.3	8852.63	1984.25	9217.81	6727.85	3478.92	1066.5	2753.95	1413.96
7483.49	38353.9	67866.8	55266.2	3625.18	74.8037	3267.39	23256.2	3239.14	15789.7	3359.38	29939.1	5404.46	10865.5	8847.67	1972.61	9223.53	6733.27	3471.02	1065.25	2767.79	1370.32
7786.04	37605.5	64593.1	54111.3	3624.39	77.1703	3266.18	21297.5	3242.5	15413.4	3288.37	29400.5	5313.8	10724.3	8837.1	1989.81	9217.97	6701.81	3444	1056.18	2702.24	1356.15
7763.58	37612.4	64397.8	54291.1	3611.41	73.3887	3260.42	21292.7	3236.66	15424.4	3279.01	29407.6	5305.1	10750.1	8881.92	1948.17	9225.24	6698.04	3442.75	1056.53	2697.82	1365.27
8076.46	36898.3	61925.1	53124.2	3623.79	75.8821	3299.66	19688.3	3254.61	15032.4	3248.86	28987.6	5210.49	10600.7	8914.38	1947.26	9306.82	6715.99	3383.92	1041.98	2625.77	1325.69
8056.19	36895.8	61827.3	53212.5	3621.07	73.3615	3311.25	19689.9	3254.79	15069.9	3248.27	28975.3	5222.12	10616.5	8940.42	1949.21	9322.54	6703.38	3393.29	1039.47	2617.85	1332.17
8274.62	35411.8	60645.3	52476.7	3668.45	72.8347	3315.31	18548.7	3280.53	14734.3	3215.99	28573.5	5163.71	10559	8928.49	1915.65	9321.42	6668.47	3354.04	1026.4	2588.34	1305.44
8255.12	35431.2	60583.9	52321.6	3665.57	71.4702	3315.74	18551.1	3278.71	14706.6	3203.86	28473.7	5158.86	10553.9	8944.35	1917.09	9336.41	6667.71	3389.3	1021.71	2570.76	1294.84
8570.86	33580.6	60234.5	51409.8	3679.44	71.7628	3351.75	17523	3301.12	14485.6	3167.89	28247.6	5119.16	10478.3	9056.53	1923.84	9430.28	6662.09	3340.37	996.75	2520.86	1267.86
8563.16	33582.5	60232.5	51589	3669.93	72.5236	3352.16	17508.1	3295.56	14488.8	3164.21	28168.3	5131.12	10491.8	9083.03	1925.49	9435.37	6694.96	3317.37	997.393	2514	1264.28
8738.92	31823.2	56752.6	48866.8	3481.87	72.9138	3155.51	16543.6	3105.12	13764.4	2997.93	26025.4	4792.83	9684.15	8366.65	1817.67	8677.42	6200.83	3151.9	938.084	2411.75	1221.2
8800.04	31838.6	56740.3	49039.4	3472.69	74.7038	3158.23	16531.9	3099.88	13740.5	2989.92	26076.8	4754.82	9627.53	8343.05	1845.96	8698.7	6174.45	3144.75	944.094	2419.13	1232.35
