113.591	106.301	108.359	107.108	109.217	157.458	133.393	107.377	114.972	107.193	126.094	137.847	153.151	159.032	149.053	194.397	154.856	162.716	151.393	142.956	121.934	134.603
139.296	108.639	126.681	112.479	156.519	295.441	180.79	115.23	135.074	113.116	177.665	193.286	236.155	235.297	213.208	329.097	212.166	221.683	211.585	198.037	174.388	212.81
147.63	113.037	131.578	117.804	159.177	416.168	181.513	121.159	130.56	115.897	181.048	188.313	245.117	244.206	215.928	373.462	212.99	223.716	219.683	209.028	205.059	273.354
144.311	115.867	136.239	118.198	163.377	528.474	181.766	125.182	128.679	114.597	173.396	183.259	253.002	255.893	219.773	420.899	212.898	229.019	224.087	205.837	208.091	298.405
140.803	120.532	140.656	123.57	167.475	634.837	183.446	130.233	128.359	118.316	175.339	190.266	271.224	278.635	230.329	490.323	224.257	244.678	244.495	206.785	213.566	323.88
136.674	122.688	146.03	126.388	171.656	769.782	184.707	129.939	129.82	121.513	172.543	185.846	271.814	286.654	229.942	531.228	222.727	245.851	248.43	200.503	211.949	338.693
134.508	126.79	151.915	127.984	175.038	845.657	179.94	129.218	130.569	126.803	169.677	178.934	269.444	291.397	227.125	562.229	218.472	243.311	245.248	192.308	212.625	357.062
146.282	145.044	166.389	152.065	197.871	1234.73	217.514	148.07	135.256	139.879	204.429	212.178	329.513	360.395	270.028	737.582	260.626	290.943	294.009	232.043	286.861	507.917
152.972	162.658	198.422	183.514	203.373	1422.5	222.407	152.16	139.136	158.827	208.578	226.654	353.439	405.833	290.849	859.485	284.821	319.893	327.493	237.813	302.04	550.967
146.121	162.128	185.672	184.263	205.437	1575.25	224.331	155.955	145.905	160.084	210.344	226.311	362.151	425.462	292.745	936.334	285.878	322.278	331.312	240.661	313.467	597.748
140.898	162.089	177.11	179.895	206.388	1736.54	224.095	161.581	152.71	164.347	210.24	223.473	367.457	439.903	294.711	1002.1	283.108	321.517	330.607	238.759	324.284	639.97
138.458	163.203	182.272	179.614	204.772	1755	218.11	163.863	155.346	168.042	205.493	214.095	363.724	437.106	283.149	1030.23	272.999	310.814	318.51	233.824	318.407	644.58
137.481	166.845	191.93	191.82	201.329	1763.55	206.715	167.08	159.859	176.08	201.505	211.885	362.488	454.3	281.577	1087.22	271.164	310.57	322.472	228.604	313.808	653.868
136.282	169.814	195.082	193.205	199.916	1899.44	208.389	152.258	140.105	170.995	202.875	215.018	392.706	482.938	291.395	1142.98	283.513	329.717	340.594	232.072	323.405	690.413
118.86	111.062	112.163	111.9	112.623	162.146	137.718	111.68	120.148	111.833	130.583	141.835	157.123	163.174	152.235	196.597	158.555	166.857	155.297	146.299	124.967	136.795
143.292	115.525	130.172	119.594	146.588	277.945	170.709	117.746	139.818	117.571	182.869	196.292	239.685	238.735	217.317	332.791	217.265	226.355	217.12	203.901	176.021	213.268
181.791	129.818	166.576	143.716	183.291	541.129	204.621	120.13	135.529	136.367	194.095	211.746	265.389	271.282	238.669	409.727	240.378	253.222	259.042	220.701	231.132	309.475
178.932	147.095	204.03	172.988	196.934	730.248	215.286	125.482	135.37	154.088	198.991	216.592	287.616	295.518	254.265	487.23	250.738	267.459	275.279	227.252	242.67	347.315
173.732	152.771	207.721	178.592	198.575	880.951	218.647	128.818	134.949	155.752	203.407	221.217	306.228	320.765	266.202	560.674	264.654	286.366	294.799	232.465	255.532	390.676
167.066	155.933	208.51	181.092	198.231	983.034	221.245	130.426	135.498	156.023	206.009	224.221	323.096	343.932	276.433	634.307	274.189	299.259	306.918	236.204	268.058	433.463
161.382	157.385	210.64	180.958	197.127	1144.35	221.942	133.728	135.98	158.478	208.088	226.575	336.545	365.206	282.645	711.961	278.363	308.35	316.327	238.621	280.053	474.765
158.501	163.291	207.464	188.416	200.67	1294.53	224.23	138.291	137.514	160.116	210.546	227.655	346.315	384.692	289.065	785.8	282.39	315.533	323.681	239.06	293.207	517.662
155.556	163.168	197.566	187.247	202.277	1425.59	225.563	143.6	138.189	160.374	212.519	228.033	358.142	407.411	293.392	865.227	283.6	318.487	328.315	239.98	303.491	557.121
148.331	161.992	183.953	183.802	201.858	1547.99	224.873	144.417	138.396	162.978	212.47	226.282	365.152	424.175	294.736	933.69	284.286	320.886	330.393	240.638	315.908	599.351
144.244	164.471	180.366	185.814	202.639	1721.03	225.592	145.761	140.26	164.639	212.557	219.759	365.169	433.478	289.77	981.484	279.101	316.522	325.896	237.633	321.86	632.753
140.872	164.953	187.361	186.274	203.885	1746.56	217.481	153.105	140.914	164.726	208.126	212.252	358.141	432.511	279.261	1004.15	268.569	306.668	318.62	228.898	310.591	628.029
138.969	164.213	196.92	188.922	197.724	1795.3	207.46	150.55	141.628	167.382	203.996	205.258	352.112	430.473	269.216	1037.59	261.335	299.939	312.682	220.584	304.253	632.243
137.844	166.22	199.115	190.88	200.431	1969.28	210.633	150.119	142.911	168.12	205.134	209.327	378.209	459.474	280.707	1098.47	274.706	319.049	332.498	223.004	309.761	657.073
125.308	109.526	113.784	110.186	118.581	167.498	154.31	111.842	127.731	110.282	139.764	165.77	182.08	191.269	179.778	231.057	186.691	196.469	179.826	169.277	136.513	147.314
165.705	119.4	142.052	131.783	173.276	336.44	194.899	117.614	133.458	129.273	189.904	202.267	234.846	239.741	220.107	323.39	220.128	228.01	231.451	207.93	207.614	247.454
180.106	142.301	200.7	174.251	192.799	504.905	207.57	123.605	133.287	156.461	197.124	208.251	253.118	264.184	235.85	388.396	232.237	243.432	247.555	214.459	226.604	291.125
172.793	174.641	202.519	201.46	195.867	615.374	211.838	136.212	142.155	197.317	201.63	211.931	266.939	285.986	243.176	464.779	238.507	252.386	257.784	220.386	239.184	322.429
166.317	181.155	205.908	203.977	195.098	722.457	212.751	140.039	143.514	196.86	205.863	215.884	280.993	306.294	253.205	534.708	250.605	268.04	273.186	223.361	251.974	359.202
161.409	184.93	206.799	206.231	196.233	839.516	215.055	142.967	145.793	197.69	208.329	218.566	293.577	324.303	260.265	608.898	258.494	278.572	283.259	226.076	263.551	396.697
157.289	184.775	208.119	208.96	199.114	948.106	216.973	148.105	145.768	196.327	210.562	220.56	301.241	340.127	265.286	682.339	265.113	286.752	289.685	229.41	276.243	434.011
155.586	189.223	209.912	210.969	198.498	1044.48	217.922	148.759	148.073	200.256	213.072	222.399	307.089	355.137	270.035	758.099	267.89	291.58	295.834	230.588	287.726	474.011
151.944	184.418	195.806	213.706	198.774	1228.22	220.535	151.551	147.917	200.354	214.866	224.518	315.129	370.943	272.748	839.362	271.169	295.829	300.556	232.727	298.599	519.65
146.088	185.004	186.27	214.386	204.039	1308.64	221.412	159.772	148.908	202.049	216.42	225.826	322.843	388.045	277.335	915.162	275.642	301.679	308.494	235.295	308.951	560.745
141.811	181.184	191.452	216.69	202.371	1423.36	221.911	160.008	150.474	201.414	217.915	226.452	331.042	400.427	279.717	997.318	278.103	304.309	313.059	235.857	318.857	601.311
139.473	177.432	199.289	210.521	200.585	1432	221.212	161.905	151.402	198.921	217.231	222.4	329.108	403.552	274.824	1048.67	273.091	301.466	305.967	233.903	315.97	622.457
140.007	176.703	205.82	204.317	199.178	1519.89	215.627	168.86	152.656	198.841	217.88	223.018	331.569	413.715	274.691	1117	273.209	304.538	308.422	236.622	317.991	650.674
138.761	178.561	207.2	207.659	202.174	1585.27	216.131	173.704	155.636	200.217	220.159	228.884	356.681	452.417	288.685	1197.76	286.286	323.266	325.491	241.485	334.442	685.076
124.384	97.5257	103.34	101.113	113.895	158.468	151.689	106.369	119.308	97.6332	130.794	165.69	181.556	192.023	178.885	229.941	185.79	196.833	178.615	165.209	149.107	161.454
170.126	119.55	141.052	129.712	186.071	358.839	197.516	119.898	119.612	119.878	185.565	197.148	225.632	232.733	213.523	305.492	213.339	220.739	223.369	201.394	209.472	248.595
174.509	142.737	196.314	184.861	189.835	468.383	202.556	132.55	126.199	158.934	192.516	202.788	242.674	255.518	227.179	365.296	223.634	234.433	237.143	208.4	220.244	278.867
166.808	149.088	198.54	189.219	192.769	562.914	207.054	141.773	132.446	160.772	197.348	206.805	257.791	274.609	236.902	431.852	234.662	247.112	250.927	214.592	233.041	308.831
160.936	153.478	201.76	190.782	194.328	670.904	207.893	143.406	141.062	165.009	201.565	210.86	269.454	293.87	245.502	502.079	243.92	259.978	262.673	216.652	246.265	341.815
154.29	157.211	194.801	194.034	192.332	789.19	210.711	134.284	127.269	164.709	204.012	212.938	278.646	309.61	249.621	570.578	247.911	265.335	268.807	219.925	256.639	373.209
146.623	156.041	179.596	195.424	194.195	870.893	211.877	138.1	127.462	167.401	206.363	214.393	284.141	322.674	253.185	641.154	252.939	271.878	273.792	223.023	269.053	407.018
140.39	160.238	172.617	198.172	195.816	989.314	212.625	145.485	128.846	175.361	209.026	216.797	288.761	336.858	258.09	714.648	256.646	276.769	280.412	223.955	279.074	445.741
145.343	192.386	198.294	210.718	198.114	1054.95	216.18	153.192	143.167	202.1	210.948	218.892	296.849	350.684	262.425	792.048	261.107	281.992	284.777	226.991	290.615	481.114
138.127	184.79	180.532	211.974	199.499	1214.29	216.562	156.802	144.319	205.443	212.12	220.178	302.33	362.738	265.31	871.505	263.702	286.061	291.636	228.113	298.841	514.8
133.068	178.335	186.048	213.851	199.27	1283.04	217.679	160.762	146.617	206.027	213.584	221.761	310.502	374.548	266.703	936.208	265.332	288.568	295.813	229.45	308.556	550.795
131.076	171.904	194.931	201.093	198.552	1345.42	217.939	164.481	147.921	203.44	212.49	222.466	313.815	383.721	268.693	1001.88	266.91	293.038	297.778	230.055	305.69	571.475
131.014	169.616	203.031	205.938	194.859	1338.05	210.291	169.124	151.815	202.316	213.418	222.408	317.113	391.187	269.745	1068.56	268.552	295.398	300.01	229.59	308.597	604.531
129.427	173.422	205.629	211.002	196.197	1395.64	212.367	172.177	154.047	203.739	216.505	229.607	344.296	430.157	283.564	1169.3	281.701	314.086	318.108	235.142	322.539	653.783
129.716	106.262	111.82	111.266	125.465	168.625	160.218	112.827	131.288	108.242	140.416	172.156	185.604	194.585	182.43	229.609	187.913	196.513	183.747	169.992	148.65	160.017
186.502	182.45	185.562	185.289	186.496	254.645	188.272	183.011	187.608	185.222	185.454	188.027	198.84	203.421	194.494	232.268	193.385	196.391	197.573	189.635	192.782	208.39
181.684	127.377	153.226	140.744	184.206	340.57	194.142	122.742	126.488	135.24	183.847	192.616	218.721	226.875	208.476	288.71	206.958	213.499	215.949	198.161	203.371	239.205
191.344	189.005	190.519	189.988	192.581	320.769	194.468	186.593	193.931	190.021	190.743	194.949	215.914	226.37	208.424	279.945	206.124	212.087	213.564	197.773	206.042	236.736
170.951	153.818	191.397	190.606	187.393	434.842	199.404	136.146	135.42	177.079	190.285	198.12	233.132	246.986	219.619	343.947	217.556	226.187	229.165	204.154	216.241	267.234
194.745	192.027	194.917	194.164	197.507	409.363	199.216	189.912	198.634	194.354	195.057	199.317	229.743	244.197	217.095	321.18	214.978	222.94	224.51	204.012	216.927	259.603
166.102	192.773	195.518	194.842	190.736	519.693	200.535	147.776	150.189	192.756	194.745	201.838	242.89	265.941	224.779	396.142	220.52	231.042	235.445	207.272	226.991	292.577
196.608	195.124	197.397	197.477	199.722	504.58	202.924	193.961	201.122	198.126	198.39	202.871	235.778	258.31	223.592	360.635	220.165	229.637	232.174	208.796	226.698	276.653
159.399	195.151	196.921	196.363	191.493	613.138	203.311	152.17	153.334	193.594	197.345	205.173	256.174	279.933	234.104	459.651	231.578	245.029	249.201	210.873	238.157	321.365
198.738	199.351	200.118	200.739	203.725	570.587	204.1	198.011	203.816	201.77	201.122	206.153	248.043	271.85	231.887	406.25	229.961	241.717	244.643	210.55	239.262	306.748
154.605	198.825	199.332	199.975	193.252	681.203	205.146	155.696	153.872	196.735	200.612	207.258	265.2	294.574	239.754	520.412	239.051	254.053	255.715	214.818	250.768	352.596
199.663	202.551	201.583	204.361	204.436	647.759	207.092	200.07	204.939	205.053	203.844	209.001	256.002	283.606	237.08	451.069	235.251	248.347	250.025	214.156	251.957	330.584
150.743	200.058	200.488	203.186	194.221	770.578	205.883	160.545	156.048	199.868	202.793	209.845	269.555	306.351	244.526	579.27	242.916	259.569	261.917	215.597	260.57	381.965
200.934	204.635	203.557	207.568	207.889	746.433	208.436	202.959	208.082	208.783	206.283	210.44	261.56	293.529	240.329	480.1	240.041	254.57	254.49	216.642	259.26	354.685
149.613	201.859	201.446	204.748	195.351	869.854	209.023	164.764	160.176	201.427	204.622	211.442	276.224	316.965	246.648	640.069	244.655	262.868	265.424	219.149	271.767	412.931
202.738	207.068	204.816	209.058	208.56	829.78	209.921	206.984	208.635	211.93	208.214	212.946	263.729	301.653	243.863	524.908	242.438	257.057	258.873	218.132	269.358	378.889
145.956	196.617	188.97	206.864	197.513	1023.57	209.136	169.404	163.925	204.756	206.257	212.517	279.572	327.557	250.778	700.041	249.056	267.548	269.223	220.002	278.391	438.743
203.25	208.838	206.699	211.98	211.306	895.896	212.505	210.476	211.167	214.942	210.149	214.599	268.837	310.572	246.766	559.261	246.321	260.52	261.66	220.859	275.609	402
141.927	192.58	183.974	208.16	197.876	1093.03	210.615	173.076	167.095	207.126	208.163	214.73	284.624	338.067	252.634	741.37	250.353	270.06	274.206	219.467	287.562	465.244
204.929	210.816	208.308	214.208	212.548	999.289	212.832	213.509	212.317	217.755	211.841	216.302	273.81	317.68	249.78	583.476	248.577	264.595	266.066	221.64	283.129	416.824
137.608	186.586	191.869	210.447	199.834	1159.06	212.869	176.709	169.228	209.103	209.513	216.23	289.767	347.079	256.163	803.303	254.232	274.51	278.638	222.639	293.479	498.978
206.027	212.965	209.991	216.585	213.199	1108.03	215.525	216.079	212.546	220.611	213.574	218.632	279.583	324.892	253.473	620.746	252.214	269.146	270.476	224.242	288.892	442.883
135.473	177.448	196.171	212.509	199.518	1242.71	212.792	180.52	170.348	210.191	208.46	217.319	295.325	354.807	257.883	864.51	255.12	277.782	284.348	224.098	296.989	515.849
206.954	215.534	211.716	219.114	216.383	1127.68	216.681	220.247	215.039	223.389	215.28	220.158	284.659	331.581	255.315	664.259	253.54	272.183	274.685	226.742	296.571	463.067
135.564	178.95	200.528	200.73	193.789	1255.68	206.333	183.654	169.8	201.975	209.584	216.815	297.441	356.163	256.778	894.552	254.299	277.697	281.718	222.995	296.245	537.957
207.459	218.054	212.993	221.401	216.653	1232.71	218.82	223.932	216.494	225.511	217.329	221.6	286.847	337.271	257.9	693.281	257.066	275.323	278.522	228.431	301.284	485.207
135	181.825	202.918	207.76	197.264	1315.63	209.709	187.27	173.75	205.368	212.507	222.983	319.199	392.255	269.405	1086.03	266.816	295.041	297.736	229.392	311.705	588.477
209.581	221.839	215.53	224.699	221.07	1364.31	222.366	228.236	219.714	229.294	221.09	227.334	302.32	367.245	268.265	886.27	267.86	289.421	290.036	233.948	316.595	536.464
186.216	181.774	185.153	184.447	185.577	264.896	188.201	182.126	187.469	184.315	185.112	187.891	199.759	204.118	195.108	236.147	193.837	196.923	198.504	189.648	192.601	209.794
191.196	187.594	190.305	189.243	191.57	337.379	194.472	185.78	193.76	189.178	190.555	195.02	218.875	227.975	209.462	287.774	207.208	213.661	215.258	197.697	206.275	239.662
194.231	190.647	194.043	192.17	195.363	437.662	199.585	189.767	199.037	192.085	194.537	199.298	231.697	246.772	218.476	334.342	216.221	224.889	227.882	204.449	216.67	264.369
196.341	194.931	196.418	195.536	199.598	532.814	201.775	192.964	200.554	195.538	197.451	203.167	239.215	262.123	225.079	380.38	220.882	230.977	234.825	207.175	228.023	284.218
197.699	198.215	199.285	199.759	203.238	608.249	204.65	194.522	204.165	199.757	200.423	205.814	252.063	276.596	233.058	428.317	230.448	242.923	245.63	212.352	239.441	313.453
199.342	200.07	200.614	203.227	204.494	702.554	205.562	198.456	204.743	203.755	202.807	209.17	260.146	289.224	239.075	480.17	237.621	251.979	253.478	213.35	250.221	340.537
199.719	203.43	202.091	205.03	205.661	783.672	208.616	201.45	207.38	206.395	205.229	210.764	265.751	300.599	241.595	531.676	241.293	256.063	258.014	217.541	261.231	368.605
201.144	204.937	203.91	208.182	208.74	845.889	208.869	203.129	208.917	209.196	206.665	212.001	269.606	309.858	245.67	574.526	245.271	261.554	262.221	218.152	269.802	393.252
202.535	207.2	205.195	209.354	209.13	944.607	211.589	207.157	209.368	212.201	208.711	214.559	274.193	318.456	248.33	622.238	246.794	263.439	266.149	220.133	278.457	420.834
202.909	208.766	207.068	212.147	212.287	1038.59	213.097	209.318	211.253	214.879	210.568	215.814	277.7	326.945	252.305	671.557	250.845	268.111	269.874	222.447	285.262	439.332
203.674	210.364	208.072	214.19	213.003	1093.85	213.073	211.795	212.765	217.244	212.019	217.43	284.647	335.654	253.715	711.474	252.44	270.942	275.54	223.778	294.023	464.901
205.22	212.561	209.342	216.264	213.427	1144.71	215.282	215.597	213.021	219.852	213.658	219.501	288.524	342.805	256.746	755.671	255.861	274.599	279.701	225.214	298.568	493.094
205.838	214.869	210.928	218.518	215.936	1349.93	216.889	218.72	213.873	222.462	215.195	221.014	293.428	350.022	258.558	803.953	256.686	278.028	282.473	228.068	306.464	522.011
206.646	218.117	213.108	221.833	219.1	1444.41	219.757	222.869	218.477	226.185	218.102	225.679	310.823	380.338	269.183	992.334	267.326	292.435	293.947	231.818	320.774	575.086
192.256	187.502	191.136	190.319	191.456	269.956	194.075	187.867	193.449	190.138	190.98	194.013	206.305	211.058	201.134	244.579	199.877	203.043	204.594	195.844	198.995	216.609
196.786	192.256	195.757	193.694	195.99	358.175	200.036	191.411	199.606	193.428	196.063	200.542	224.757	234.906	215.284	296.046	212.838	219.52	221.499	203.773	211.129	245.386
199.358	196.365	198.942	197.205	200.37	441.436	205.359	195.554	204.572	197.082	200.047	204.812	238.197	253.126	224.801	343.223	222.502	231.372	233.906	210.643	222.61	271.45
201.696	200.729	201.83	201.261	205.392	535.592	206.584	197.264	205.769	201.264	202.787	208.724	246.37	270.677	230.511	388.77	225.762	236.063	240.027	213.329	234.715	292.235
202.682	202.83	204.333	205.469	207.874	611.415	210.326	200.209	208.938	205.537	205.839	211.536	259.29	284.078	238.236	443.398	236.011	248.418	252.441	217.708	245.856	322.559
204.666	205.521	205.916	207.569	210.279	705.992	210.644	204.207	210.363	208.365	207.87	214.046	265.978	297.202	244.912	491.483	244.341	258.61	260.624	219.438	257.219	350.54
205.289	208.217	206.976	210.476	210.856	809.835	213.182	205.336	208.005	211.473	210.235	216.404	271.619	307.741	247.976	542.188	247.18	262.844	264.854	221.824	269.098	378.029
206.227	210.22	208.769	213.805	214.089	907.152	214.661	208.766	209.192	214.583	212.144	217.486	276.085	317.681	252.732	589.897	251.868	268.302	269.736	223.504	277.312	403.581
207.985	212.414	210.419	214.888	214.574	998.658	216.88	212.8	214.698	217.674	214.415	219.691	281.166	327.333	254.673	642.704	253.423	270.995	274.085	225.463	286.454	428.76
208.58	214.061	212.262	217.899	217.51	1124.18	218.331	214.666	216.622	220.809	216.032	221.4	285.688	334.99	258.331	677.286	257.516	275.972	276.397	227.676	291.821	450.126
210.099	216.136	213.754	220.446	218.445	1156.53	218.898	218.28	218.095	223.157	217.739	223.109	292.289	344.573	261.796	739.588	260.594	279.235	282.055	227.627	300.558	479.994
211.239	218.577	215.16	222.385	219.162	1269.59	221.395	221.346	218.575	225.504	219.552	225.526	296.278	351.355	264.603	787.338	263.223	284.929	288.242	231.015	308.737	503.166
211.874	221.177	216.874	224.515	222.307	1306.72	223.121	225.094	220.019	227.596	221.361	227.377	302.117	361.119	265.933	852.226	264.02	286.2	293.143	235.387	316.484	537.443
214.423	224.421	219.667	227.84	225.575	1504.63	227.592	227.701	224.153	231.792	225.385	232.757	319.503	390.611	277.144	1028.08	275.257	301.622	303.645	238.648	330.551	588.886
186.632	182.838	185.603	185.356	186.566	260.594	188.476	183.412	187.625	185.332	185.643	188.157	199.054	203.732	195.094	234.527	193.601	196.601	198.092	189.751	193.293	208.966
186.594	182.584	185.592	185.325	186.533	258.178	188.347	183.135	187.573	185.281	185.547	188.112	199.308	203.788	194.853	233.879	193.388	196.249	198.044	189.49	193.196	208.977
191.495	189.24	190.551	190.05	192.578	321.066	194.791	186.9	194.073	190.094	190.945	195.266	216.554	226.6	208.658	281.195	206.685	212.746	214.453	197.763	206.23	235.873
191.391	188.994	190.515	189.972	192.48	330.951	194.583	186.59	193.806	190.001	190.789	195.031	216.634	226.732	209.054	281.171	206.724	213.378	214.248	197.95	206.47	236.049
195.062	192.281	195.054	194.343	197.718	407.013	199.328	189.93	198.976	194.473	195.115	199.668	229.297	244.511	217.246	322.699	214.994	223.38	225.546	204.242	217.421	261.256
195.061	192.166	195.071	194.211	197.924	415.084	199.204	189.956	198.835	194.482	195.07	199.576	229.163	244.441	217.142	322.284	214.906	222.995	225.203	204.289	217.163	259.495
196.981	195.354	197.838	197.93	199.94	481.328	202.91	194.041	201.527	198.493	198.674	203.278	236.363	258.628	223.888	363.629	220.66	229.832	233.153	208.943	226.816	278.85
196.83	195.334	197.775	197.909	199.884	490.157	203.172	194.057	201.655	198.441	198.776	203.197	237.457	258.794	223.864	362.376	220.344	229.78	232.748	209.11	226.742	278.021
198.95	199.495	200.288	200.832	204.088	597.472	204.335	198.086	204.259	201.923	201.031	206.206	248.822	273.889	232.587	407.798	230.399	242.291	244.128	211.217	240.048	307.585
198.977	199.516	200.345	200.992	204.001	585.421	204.342	198.126	203.987	202.109	201.022	206.595	248.489	272.918	232.368	406.519	230.249	241.122	244.286	211.415	239.579	307.3
199.93	202.793	201.768	204.533	204.571	639.682	206.753	200.301	205.054	205.28	204.281	209.315	256.032	283.273	236.983	443.234	235.551	249.173	250.626	214.65	252.012	331.718
199.824	202.831	201.846	204.539	204.872	660.354	207.334	200.395	205.503	205.386	204.125	209.354	255.672	283.697	236.911	450.234	235.529	248.458	250.385	215.245	250.765	334.937
201.1	204.845	203.794	207.79	208.097	738.274	208.546	203.04	208.29	208.933	206.291	210.846	261.387	294.438	240.994	482.662	241.8	254.786	255.03	217.723	260.407	357.774
200.902	204.706	203.665	207.74	208.226	752.443	208.653	202.953	208.293	208.816	206.148	210.798	260.858	294.678	240.386	487.445	240.902	253.861	254.505	216.848	259.165	356.409
202.769	207.26	204.98	209.223	208.626	802.748	210.199	207.054	208.709	212.236	208.289	213.178	264.689	302.3	243.595	509.597	242.407	257.346	259.288	218.353	269.834	381.739
202.602	207.211	204.957	209.218	208.636	820.642	210.116	207.032	208.692	212.139	208.432	213.278	264.146	301.775	243.846	524.727	242.761	257.369	259.551	217.319	269.808	379.509
203.308	208.938	206.717	212.037	211.669	927.107	212.653	210.636	211.492	215.067	210.199	214.771	269.231	312.71	247.752	562.839	246.446	261.231	262.726	220.763	274.939	407.055
203.417	208.986	206.856	212.169	211.476	905.558	212.616	210.692	211.639	215.165	210.312	214.789	269.522	310.824	246.832	550.196	246.139	261.19	261.611	220.623	275.875	392.762
204.686	210.84	208.221	214.314	212.545	1039.11	212.878	213.576	212.535	217.806	211.751	216.632	273.807	319.712	249.411	606.457	248.48	264.542	267.331	221.728	284.168	420.959
204.706	210.863	208.361	214.29	212.474	980.626	212.934	213.663	212.349	217.851	211.98	216.221	274.739	318.392	250.089	592.472	248.34	263.974	266.483	222.157	283.92	423.166
205.847	212.973	209.804	216.669	213.424	1124.41	215.461	216.053	212.924	220.681	213.451	218.624	278.841	325.493	253.615	630.26	252.26	269.655	269.595	223.353	289.49	441.942
205.846	213.066	210.029	216.693	213.347	1079.34	215.957	216.203	212.822	220.764	213.693	218.64	279.006	325.668	254.489	631.271	252.851	269.325	270.668	223.559	288.717	443.579
206.585	215.521	211.744	219.152	216.175	1168.92	216.35	220.251	215.336	223.505	215.663	220.198	283.479	332.145	254.507	658.753	253.651	272.067	274.599	226.285	296.024	464.568
206.707	215.508	211.751	219.173	216.21	1145.46	216.66	220.297	215.126	223.486	215.373	220.157	283.599	332.814	255.185	659.488	253.873	271.677	277.248	225.636	296.025	462.29
207.47	218.045	212.961	221.395	216.51	1223.4	218.657	223.894	216.482	225.526	217.53	221.645	287.395	337.809	257.712	692.529	256.846	275.068	278.6	228.296	302.53	489.082
207.685	218.087	213.05	221.45	216.783	1262.06	219.009	223.846	216.449	225.472	217.518	221.844	288.151	338.051	258.194	696.446	257.162	276.527	276.875	229.171	302.173	488.028
209.491	221.788	215.572	224.723	221.16	1360.63	222.541	228.219	219.066	229.289	220.758	227.243	302.864	365.179	267.345	879.022	266.582	289.165	290.664	233.557	315.944	535.01
209.604	221.855	215.61	224.694	221.157	1391.49	222.855	228.203	219.549	229.392	220.908	227.529	303.875	367.752	267.736	914.276	267.697	289.701	291.696	233.785	317.934	542.198
